0.01	239.2487022
0.02	13.37866446
0.03	3.790580784
0.04	3.848329327
0.05	4.431557043
0.06	4.963384326
0.07	5.259739209
0.08	5.139970579
0.10	4.891866018
0.12	4.370850623
0.15	3.265904358
0.16	2.868693957
0.19	2.003943246
0.20	1.787241609
0.23	1.389744242
0.24	1.344857709
0.25	1.300727707
0.26	1.257310332
0.27	1.214591421
0.28	1.195618462
0.29	1.184523365
0.30	1.173584346
0.31	1.162790698
0.32	1.152157629
0.33	1.141673999
0.35	1.125275683
0.36	1.121154267
0.37	1.11716499
0.38	1.113285002
0.39	1.109526282
0.40	1.105867105
0.41	1.102319525
0.42	1.098862825
0.44	1.093418574
0.45	1.091648138
0.46	1.089919607
0.47	1.088232856
0.48	1.086585084
0.50	1.083411564
0.51	1.081867432
0.52	1.080372768
0.53	1.078904233
0.54	1.077467386
0.55	1.077187071
0.56	1.077569099
0.57	1.077946911
0.58	1.078320576
0.59	1.078690163
0.61	1.079417365
0.62	1.079775109
0.63	1.080129031
0.64	1.080486297
0.67	1.081514704
0.69	1.083020782
0.72	1.088591026
0.73	1.090443172
0.76	1.095992771
0.78	1.099693861
0.79	1.10153919
0.81	1.10522645
0.82	1.107074778
0.84	1.110762346
0.86	1.114438318
0.87	1.117055976
0.88	1.119862792
0.89	1.122703254
0.91	1.128490775
0.92	1.131445825
0.93	1.134423826
0.94	1.137453819
0.96	1.143615793
0.98	1.149937744
0.99	1.15316014
1.00	1.156425983
1.01	1.159733964
1.02	1.163094221
1.04	1.169935436
1.05	1.173425193
1.06	1.176963989
1.09	1.187021121
1.10	1.189085359
1.11	1.191173277
1.12	1.193276298
1.13	1.195412747
1.14	1.197574132
1.15	1.199759363
1.16	1.201971924
1.17	1.204210771
1.18	1.206466963
1.19	1.208759731
1.20	1.211088127
1.22	1.215804742
1.24	1.220648084
1.25	1.223105105
1.27	1.228140612
1.28	1.23069201
1.29	1.233286298
1.30	1.235913984
1.31	1.2385737
1.32	1.241270112
1.35	1.2495637
1.36	1.252405884
1.37	1.254773993
1.39	1.25817986
1.40	1.259887056
1.41	1.261623109
1.42	1.263356911
1.44	1.266851496
1.45	1.268612419
1.47	1.272161882
1.49	1.275760212
1.50	1.277567818
1.51	1.279384974
1.53	1.283039083
1.54	1.284885322
1.55	1.28674142
1.56	1.28861935
1.57	1.290495451
1.58	1.292381651
1.59	1.294278031
1.60	1.296184673
1.61	1.298101663
1.62	1.300029083
1.63	1.301967019
1.66	1.307847712
1.67	1.309828613
1.69	1.313823378
1.70	1.315837425
1.71	1.317862707
1.72	1.319900872
1.73	1.321831203
1.74	1.323774927
1.75	1.325712738
1.76	1.327676834
1.77	1.329622201
1.78	1.331571341
1.79	1.333533975
1.80	1.335503683
1.81	1.337464252
1.82	1.339438375
1.84	1.343391772
1.85	1.345377487
1.86	1.347357308
1.89	1.353343137
1.90	1.355348381
1.91	1.357347741
1.92	1.359364399
1.93	1.36138151
1.94	1.363392743
1.95	1.365407943
1.96	1.367450493
1.97	1.369473705
1.98	1.371510811
1.99	1.37354205
2.00	1.375590949
2.01	1.377640208
2.02	1.379683605
2.03	1.381731066
2.04	1.383806321
2.05	1.385861987
2.06	1.387921752
2.07	1.389995609
2.08	1.392063619
2.09	1.394155525
2.11	1.398319351
2.13	1.402509983
2.14	1.404607313
2.15	1.406717522
2.16	1.408823337
2.18	1.413121155
2.19	1.415287986
2.21	1.41960596
2.22	1.421775845
2.23	1.423936659
2.24	1.426110023
2.25	1.428272875
2.27	1.432613182
2.28	1.434779095
2.29	1.436956133
2.30	1.439125543
2.33	1.445645665
2.34	1.447829298
2.35	1.450002378
2.37	1.454363211
2.38	1.456539373
2.40	1.460906392
2.41	1.463095777
2.43	1.467469
2.44	1.469651349
2.45	1.471834729
2.46	1.474029288
2.47	1.476216234
2.48	1.47841287
2.49	1.480600391
2.50	1.48280061
2.51	1.484990207
2.52	1.487180842
2.53	1.489384191
2.54	1.491576906
2.55	1.493780828
2.56	1.495975624
2.57	1.498172985
2.59	1.502577965
2.60	1.504788644
2.61	1.50698866
2.62	1.509199905
2.64	1.513606707
2.65	1.515821101
2.66	1.5180279
2.68	1.522451752
2.69	1.524660155
2.70	1.526881369
2.71	1.529091878
2.73	1.533548381
2.74	1.535794349
2.75	1.538041152
2.76	1.540288791
2.77	1.542537265
2.79	1.547036725
2.80	1.549289294
2.81	1.55154112
2.82	1.553793785
2.85	1.560556813
2.86	1.562823072
2.87	1.565079937
2.88	1.567339249
2.89	1.569597799
2.90	1.571857192
2.91	1.574117428
2.92	1.576378506
2.93	1.578640428
2.95	1.583166805
2.98	1.589974599
3.00	1.594509442
3.01	1.596778134
3.03	1.601318062
3.04	1.603589299
3.05	1.605863035
3.06	1.608135974
3.07	1.610409762
3.08	1.612684402
3.09	1.614959893
3.10	1.617236235
3.11	1.619523713
3.12	1.621801762
3.13	1.624080664
3.14	1.626362093
3.15	1.628642705
3.16	1.630924172
3.17	1.633206494
3.18	1.635489671
3.19	1.637773704
3.20	1.640058593
3.22	1.644630944
3.23	1.64693041
3.24	1.649218735
3.25	1.651507918
3.26	1.653797961
3.27	1.656088864
3.28	1.658380627
3.29	1.660673251
3.30	1.662966736
3.31	1.665262801
3.33	1.669854088
3.35	1.674448827
3.36	1.676757825
3.38	1.681357754
3.39	1.683659017
3.40	1.68596289
3.41	1.688265888
3.42	1.690569754
3.43	1.692874487
3.44	1.695117484
3.45	1.69736503
3.46	1.699613623
3.47	1.701852908
3.48	1.704103596
3.49	1.706344972
3.53	1.715343454
3.56	1.722107208
3.57	1.724367358
3.58	1.726618182
3.59	1.728880443
3.60	1.731133374
3.61	1.733397748
3.62	1.73566318
3.63	1.737919278
3.64	1.740186828
3.65	1.742445041
3.66	1.744714711
3.67	1.746976858
3.68	1.749248655
3.69	1.751521517
3.70	1.753785031
3.71	1.756060021
3.72	1.75832566
3.73	1.76060278
3.74	1.762870547
3.75	1.765149802
3.76	1.767430125
3.77	1.76970109
3.80	1.776543111
3.81	1.778818352
3.82	1.781105103
3.83	1.783392929
3.84	1.785671384
3.85	1.787961359
3.86	1.79024196
3.87	1.792534087
3.88	1.794816837
3.89	1.797111119
3.91	1.801692461
3.92	1.803989983
3.93	1.806278119
3.94	1.808579697
3.95	1.810869996
3.96	1.813171849
3.97	1.815474787
3.98	1.817768332
3.99	1.820073441
4.00	1.822369152
4.01	1.824676435
4.02	1.826974316
4.03	1.829283775
4.04	1.831594325
4.05	1.833895469
4.06	1.8362082
4.07	1.838511522
4.08	1.840828371
4.09	1.843133876
4.10	1.845450982
4.11	1.847769183
4.12	1.850077967
4.13	1.852398361
4.14	1.854709333
4.15	1.857031922
4.16	1.859345087
4.17	1.861669874
4.18	1.863985233
4.19	1.866312222
4.20	1.868640314
4.24	1.877944619
4.28	1.887264629
4.29	1.889602677
4.30	1.891931277
4.31	1.894271546
4.32	1.896588336
4.34	1.90092558
4.35	1.903094327
4.36	1.90526584
4.37	1.907438111
4.38	1.909598545
4.39	1.911772328
4.40	1.913944845
4.41	1.916120144
4.42	1.918296202
4.43	1.920470988
4.44	1.922648565
4.45	1.924824864
4.46	1.92700396
4.47	1.929183817
4.48	1.931362391
4.49	1.933543771
4.50	1.935725913
4.51	1.937906765
4.52	1.94007983
4.55	1.946633346
4.56	1.948818
4.57	1.951005484
4.59	1.955380675
4.61	1.959758923
4.62	1.961950236
4.63	1.964140231
4.64	1.966333078
4.66	1.970708358
4.67	1.972903508
4.68	1.975097329
4.69	1.977294018
4.71	1.9816876
4.72	1.9838866
4.73	1.986086372
4.74	1.9882848
4.75	1.990486115
4.80	2.001500033
4.81	2.003693198
4.82	2.005899925
4.84	2.010313565
4.85	2.012522619
4.86	2.014730302
4.87	2.016940908
4.88	2.019152293
4.89	2.0213623
4.91	2.025786797
4.92	2.028001294
4.93	2.030216571
4.94	2.032430458
4.95	2.034636613
4.96	2.036852052
4.97	2.039070447
4.99	2.043507401
5.00	2.045728141
5.01	2.047949666
5.02	2.050169782
5.03	2.052392872
5.04	2.054614548
5.05	2.056839206
5.08	2.063515685
5.10	2.067959148
5.11	2.070188518
5.12	2.072416457
5.13	2.074647401
5.14	2.076876909
5.15	2.079109429
5.16	2.08134274
5.17	2.083574606
5.18	2.085809494
5.19	2.088042934
5.20	2.090279402
5.21	2.092516662
5.22	2.094752467
5.23	2.096980575
5.24	2.099217955
5.25	2.10145838
5.26	2.103699599
5.27	2.10593935
5.28	2.108182155
5.29	2.110425756
5.30	2.112667882
5.31	2.114913072
5.32	2.117156782
5.33	2.119403563
5.34	2.121651141
5.35	2.123897232
5.36	2.126146404
5.37	2.128383323
5.38	2.130634087
5.39	2.132885652
5.40	2.135135717
5.41	2.137388879
5.42	2.139640537
5.43	2.141895298
5.44	2.144097765
5.45	2.146151741
5.46	2.148219608
5.47	2.150288282
5.48	2.152355443
5.49	2.15442573
5.50	2.156496825
5.51	2.15855794
5.52	2.16062832
5.53	2.162701839
5.54	2.164776168
5.55	2.166851308
5.56	2.168914117
5.57	2.170990876
5.58	2.173068446
5.59	2.175144479
5.60	2.177223672
5.61	2.17930368
5.62	2.181373689
5.63	2.183452961
5.64	2.185535408
5.65	2.187618669
5.66	2.189702747
5.67	2.19178527
5.68	2.193860153
5.69	2.195946678
5.70	2.198031639
5.71	2.200119797
5.72	2.202208774
5.73	2.204287734
5.74	2.206375957
5.75	2.208467389
5.76	2.210559641
5.77	2.212652715
5.78	2.214744209
5.79	2.216828075
5.80	2.218923611
5.81	2.22101756
5.82	2.22311474
5.83	2.225212744
5.84	2.227300714
5.85	2.229397945
5.86	2.23149842
5.87	2.233599722
5.88	2.23570185
5.89	2.237802373
5.90	2.239895281
5.91	2.241999887
5.92	2.244102881
5.93	2.246209142
5.94	2.248316233
5.95	2.250424154
5.96	2.252519568
5.97	2.254629146
5.98	2.256739555
5.99	2.258850796
6.00	2.260960407
6.01	2.263062415
6.02	2.265176151
6.03	2.267288249
6.04	2.26940365
6.05	2.271519886
6.06	2.273636958
6.07	2.275741474
6.08	2.277860213
6.09	2.27997979
6.10	2.282100203
6.11	2.284218961
6.12	2.286341048
6.13	2.288453053
6.14	2.290574315
6.15	2.292698916
6.16	2.294824357
6.17	2.296950639
6.18	2.299064317
6.19	2.301192278
6.20	2.303321081
6.21	2.305450727
6.22	2.307578692
6.23	2.309710022
6.24	2.311831252
6.25	2.313961737
6.26	2.316095598
6.27	2.318230304
6.28	2.320365857
6.29	2.322499712
6.30	2.324625999
6.31	2.326764089
6.32	2.328903028
6.33	2.33104026
6.34	2.333180894
6.35	2.33531141
6.36	2.337451178
6.37	2.339594359
6.38	2.341738392
6.39	2.343883276
6.40	2.346026437
6.41	2.348162042
6.42	2.350309481
6.43	2.352457774
6.44	2.354604333
6.45	2.356754333
6.46	2.358905188
6.47	2.361043308
6.48	2.36319587
6.49	2.36534929
6.50	2.367503567
6.51	2.369656095
6.52	2.37180108
6.53	2.373957929
6.54	2.376115636
6.55	2.378271585
6.56	2.380431011
6.57	2.382591298
6.58	2.3847388
6.59	2.386900806
6.60	2.389063675
6.61	2.391227407
6.62	2.393389363
6.63	2.39555482
6.64	2.39771011
6.65	2.399877295
6.66	2.402042695
6.67	2.404211609
6.68	2.406381391
6.69	2.408538336
6.70	2.410709848
6.71	2.412882228
6.72	2.415055477
6.73	2.417226924
6.74	2.419401909
6.75	2.421566709
6.76	2.423743434
6.77	2.425918347
6.78	2.428096813
6.79	2.430276151
6.80	2.432442603
6.81	2.434623683
6.82	2.436805637
6.83	2.438988466
6.84	2.441169466
6.85	2.443229973
6.86	2.445180943
6.87	2.447132621
6.88	2.44908501
6.89	2.451038109
6.90	2.452991917
6.91	2.454946437
6.92	2.456912761
6.93	2.458868705
6.94	2.460825361
6.95	2.46278273
6.96	2.464740811
6.97	2.466699605
6.98	2.468659113
6.99	2.470619335
7.00	2.47259138
7.01	2.474553032
7.02	2.4765154
7.03	2.478478483
7.04	2.480442282
7.05	2.482406797
7.06	2.484372029
7.07	2.486337977
7.08	2.488304643
7.09	2.490283154
7.10	2.492251258
7.11	2.494220081
7.12	2.496189623
7.13	2.498159884
7.14	2.500130864
7.15	2.502102565
7.16	2.504074986
7.17	2.506048129
7.18	2.508033138
7.19	2.510007725
7.20	2.511983035
7.21	2.513959067
7.22	2.515935822
7.23	2.5179133
7.24	2.519891502
7.25	2.521870428
7.26	2.52386124
7.27	2.525841618
7.28	2.527822721
7.29	2.529804549
7.30	2.531787104
7.31	2.533770385
7.32	2.535754393
7.33	2.537739128
7.34	2.539724591
7.35	2.541721962
7.36	2.543708884
7.37	2.545696535
7.38	2.547684914
7.39	2.549674024
7.40	2.551663863
7.41	2.553654434
7.42	2.555645735
7.43	2.557637767
7.44	2.55964173
7.45	2.561635228
7.46	2.563629459
7.47	2.565624422
7.48	2.567620119
7.49	2.56961655
7.50	2.571613715
7.51	2.573611614
7.52	2.575621464
7.53	2.577620835
7.54	2.579620943
7.55	2.581621787
7.56	2.583623367
7.57	2.585625684
7.58	2.587628739
7.59	2.589632531
7.60	2.591637062
7.61	2.593653565
7.62	2.595659575
7.63	2.597666325
7.64	2.599673814
7.65	2.601682044
7.66	2.603691014
7.67	2.605700726
7.68	2.607711179
7.69	2.609722374
7.70	2.611745563
7.71	2.613758245
7.72	2.61577167
7.73	2.617785839
7.74	2.619800752
7.75	2.621816408
7.76	2.62383281
7.77	2.625849957
7.78	2.627879118
7.79	2.629897759
7.80	2.631917146
7.81	2.63393728
7.82	2.635958161
7.83	2.637979789
7.84	2.640002166
7.85	2.642025291
7.86	2.644049165
7.87	2.646085077
7.88	2.648110452
7.89	2.650136578
7.90	2.652163454
7.91	2.654191081
7.92	2.656219459
7.93	2.658248589
7.94	2.660278472
7.95	2.662309107
7.96	2.664351802
7.97	2.666383946
7.98	2.668416844
7.99	2.670450496
8.00	2.672484903
8.01	2.674520065
8.02	2.676555983
8.03	2.678592656
8.04	2.68064141
8.05	2.682679599
8.06	2.684718545
8.07	2.68675825
8.08	2.688798712
8.09	2.690839933
8.10	2.692881912
8.11	2.694924652
8.12	2.696968151
8.13	2.699023752
8.14	2.701068774
8.15	2.703114557
8.16	2.705161102
8.17	2.707208409
8.18	2.709256478
8.19	2.71130531
8.20	2.713354905
8.21	2.715416623
8.22	2.717467748
8.23	2.719519637
8.24	2.721572291
8.25	2.723625711
8.26	2.725679896
8.27	2.727734848
8.28	2.729790566
8.29	2.731847052
8.30	2.733915683
8.31	2.735973706
8.32	2.738032498
8.33	2.740092058
8.34	2.742152387
8.35	2.744213486
8.36	2.746275355
8.37	2.748337995
8.38	2.750401406
8.39	2.752476985
8.40	2.754541941
8.41	2.75660767
8.42	2.758674171
8.43	2.760741445
8.44	2.762809492
8.45	2.764878314
8.46	2.76694791
8.47	2.769029695
8.48	2.771100844
8.49	2.773172768
8.50	2.775245468
8.51	2.777318945
8.52	2.779393198
8.53	2.78146823
8.54	2.783544039
8.55	2.785620627
8.56	2.787709427
8.57	2.789787575
8.58	2.791866502
8.59	2.79394621
8.60	2.796026698
8.61	2.798107967
8.62	2.800119962
8.63	2.801979711
8.64	2.803828639
8.65	2.805681407
8.66	2.807543046
8.67	2.80939386
8.68	2.811248523
8.69	2.813100596
8.70	2.814964759
8.71	2.81682132
8.72	2.818675283
8.73	2.820541344
8.74	2.822399805
8.75	2.824255662
8.76	2.82611215
8.77	2.827983989
8.78	2.829841742
8.79	2.831700127
8.80	2.833570625
8.81	2.835433531
8.82	2.837293816
8.83	2.839154734
8.84	2.841031038
8.85	2.842893227
8.86	2.844756049
8.87	2.846634272
8.88	2.848498367
8.89	2.850363096
8.90	2.85223174
8.91	2.854109246
8.92	2.855975885
8.93	2.857846448
8.94	2.859725872
8.95	2.861594424
8.96	2.86346691
8.97	2.865336739
8.98	2.867218722
8.99	2.869093133
9.00	2.87096488
9.01	2.872848789
9.02	2.874725128
9.03	2.876598796
9.04	2.878473103
9.05	2.880362902
9.06	2.882238494
9.07	2.884114726
9.08	2.885994928
9.09	2.887883984
9.10	2.889762144
9.11	2.891644283
9.12	2.893535274
9.13	2.895415365
9.14	2.897299445
9.15	2.899180824
9.16	2.901074399
9.17	2.902957068
9.18	2.904843737
9.19	2.906739255
9.20	2.908623861
9.21	2.910512477
9.22	2.912398376
9.23	2.914296488
9.24	2.916187054
9.25	2.918074896
9.26	2.919974957
9.27	2.921867477
9.28	2.923757264
9.29	2.9256477
9.30	2.927553754
9.31	2.92944549
9.32	2.931337875
9.33	2.933245894
9.34	2.935139583
9.35	2.937033921
9.36	2.938932315
9.37	2.940839551
9.38	2.942735845
9.39	2.944636205
9.40	2.946545404
9.41	2.948443657
9.42	2.950345985
9.43	2.952245545
9.44	2.954157365
9.45	2.956061665
9.46	2.957963189
9.47	2.959876981
9.48	2.961783255
9.49	2.963686745
9.50	2.965590891
9.51	2.967510762
9.52	2.969416223
9.53	2.971322339
9.54	2.97324074
9.55	2.975151631
9.56	2.977059722
9.57	2.97896847
9.58	2.98089298
9.59	2.982803047
9.60	2.984713773
9.61	2.986628635
9.62	2.988552325
9.63	2.990465032
9.64	2.992381884
9.65	2.994307564
9.66	2.996222255
9.67	2.998141101
9.68	3.000057117
9.69	3.001985452
9.70	3.003906296
9.71	3.005824301
9.72	3.007754633
9.73	3.009677476
9.74	3.011597474
9.75	3.013518134
9.76	3.015454652
9.77	3.017376645
9.78	3.019299303
9.79	3.021237832
9.80	3.023161824
9.81	3.025086482
9.82	3.027015342
9.83	3.028953021
9.84	3.030879682
9.85	3.032810555
9.86	3.034750245
9.87	3.036678911
9.88	3.0386118
9.89	3.040541805
9.90	3.04248418
9.91	3.044415525
9.92	3.046351104
9.93	3.048295498
9.94	3.050228856
9.95	3.052166459
9.96	3.05410116
9.97	3.056048248
9.98	3.057987877
9.99	3.059924598
10.00	3.061873711
10.01	3.06381537
10.02	3.065754112
10.03	3.067693527
10.04	3.069648946
10.05	3.071589713
10.06	3.073531155
10.07	3.07547688
10.08	3.077431411
10.09	3.079374881
10.10	3.081322645
10.11	3.083279214
10.12	3.085224717
10.13	3.087174523
10.14	3.089121382
10.15	3.091080671
10.16	3.093032522
10.17	3.094981419
10.18	3.096942753
10.19	3.098896653
10.20	3.100847591
10.21	3.102799208
10.22	3.104766925
10.23	3.106719907
10.24	3.10867357
10.25	3.110643348
10.26	3.112598377
10.27	3.114554088
10.28	3.116514152
10.29	3.11848301
10.30	3.120440773
10.31	3.122399218
10.32	3.124373817
10.33	3.126333634
10.34	3.128294136
10.35	3.130259013
10.36	3.132232682
10.37	3.134195243
10.38	3.136162189
10.39	3.138137926
10.40	3.140102549
10.41	3.142071568
10.42	3.144037567
10.43	3.146016064
10.44	3.147987158
10.45	3.149955226
10.46	3.151935797
10.47	3.153908971
10.48	3.155879109
10.49	3.157849937
10.50	3.159837015
10.51	3.161809228
10.52	3.163782132
10.53	3.165771302
10.54	3.167745592
10.55	3.169720574
10.56	3.171700003
10.57	3.173688211
10.58	3.175665275
10.59	3.177646795
10.60	3.179625249
10.61	3.181616244
10.62	3.18359986
10.63	3.185580401
10.64	3.18757349
10.65	3.189559205
10.66	3.191541837
10.67	3.193525165
10.68	3.195521051
10.69	3.197509568
10.70	3.199494991
10.71	3.20149298
10.72	3.203483603
10.73	3.205471125
10.74	3.207459346
10.75	3.209463953
10.76	3.211453577
10.77	3.213443901
10.78	3.215450627
10.79	3.217442357
10.80	3.219434786
10.81	3.221431747
10.82	3.223437474
10.83	3.225432014
10.84	3.227431095
10.85	3.229359501
10.86	3.230946624
10.87	3.232542391
10.88	3.234130692
10.89	3.235715731
10.90	3.237313264
10.91	3.238903334
10.92	3.240502047
10.93	3.242093298
10.94	3.243681276
10.95	3.245285628
10.96	3.246874784
10.97	3.248480325
10.98	3.250070661
10.99	3.251673513
11.00	3.25326891
11.01	3.254861016
11.02	3.256469532
11.03	3.258062822
11.04	3.259672532
11.05	3.261267006
11.06	3.26286207
11.07	3.264473571
11.08	3.266069822
11.09	3.267682519
11.10	3.269279958
11.11	3.270881899
11.12	3.272492482
11.13	3.274091703
11.14	3.275707396
11.15	3.277307808
11.16	3.278924703
11.17	3.280526307
11.18	3.282132434
11.19	3.283747203
11.20	3.28535453
11.21	3.286970498
11.22	3.288575087
11.23	3.290184214
11.24	3.291801982
11.25	3.293412312
11.26	3.295031283
11.27	3.296642818
11.28	3.298251
11.29	3.299871775
11.30	3.301485117
11.31	3.303107099
11.32	3.304721648
11.33	3.306344837
11.34	3.307960596
11.35	3.309572986
11.36	3.311197987
11.37	3.31281556
11.38	3.314441772
11.39	3.316060557
11.40	3.317675962
11.41	3.319307981
11.42	3.320924595
11.43	3.322557834
11.44	3.324175659
11.45	3.325794087
11.46	3.327429156
11.47	3.329048797
11.48	3.330685089
11.49	3.332305944
11.50	3.33394346
11.51	3.335565531
11.52	3.337188207
11.53	3.338827561
11.54	3.340451454
11.55	3.342092036
11.56	3.343717149
11.57	3.345346902
11.58	3.346985293
11.59	3.348612234
11.60	3.350255889
11.61	3.351884052
11.62	3.353516872
11.63	3.355158328
11.64	3.356792377
11.65	3.358435063
11.66	3.360066285
11.67	3.361714259
11.68	3.363346709
11.69	3.364983836
11.70	3.366629599
11.71	3.368267961
11.72	3.369914959
11.73	3.371554557
11.74	3.373190694
11.75	3.374839543
11.76	3.376480995
11.77	3.378131082
11.78	3.379773774
11.79	3.381412992
11.80	3.383069033
11.81	3.384709488
11.82	3.386362673
11.83	3.388008467
11.84	3.389662895
11.85	3.391309934
11.86	3.392953483
11.87	3.394613891
11.88	3.396258681
11.89	3.397916219
11.90	3.399566373
11.91	3.401213024
11.92	3.402876563
11.93	3.404524458
11.94	3.406189252
11.95	3.407838394
11.96	3.409504444
11.97	3.411154833
11.98	3.412805844
11.99	3.41447378
12.00	3.41612604
12.01	3.417795237
12.02	3.419448748
12.03	3.421107043
12.04	3.422773969
12.05	3.424429357
12.06	3.426101708
12.07	3.42775835
12.08	3.429419792
12.09	3.431089865
12.10	3.432752569
12.11	3.434423903
12.12	3.436083685
12.13	3.437760469
12.14	3.43942151
12.15	3.441087374
12.16	3.442761866
12.17	3.444428998
12.18	3.446104757
12.19	3.447768951
12.20	3.449437983
12.21	3.451115643
12.22	3.452785946
12.23	3.454464877
12.24	3.456136452
12.25	3.457804441
12.26	3.459489504
12.27	3.461158762
12.28	3.462840872
12.29	3.464515632
12.30	3.466199019
12.31	3.467875056
12.32	3.46954749
12.33	3.471237036
12.34	3.472910743
12.35	3.474597322
12.36	3.476276557
12.37	3.477952176
12.38	3.479644934
12.39	3.48132183
12.40	3.483015877
12.41	3.484694053
12.42	3.486372865
12.43	3.488068845
12.44	3.489748939
12.45	3.491446212
12.46	3.493127588
12.47	3.494826155
12.48	3.496508815
12.49	3.498196408
12.50	3.499892623
12.51	3.50157721
12.52	3.503279015
12.53	3.504964889
12.54	3.506655712
12.55	3.508355157
12.56	3.510047276
12.57	3.511748016
12.58	3.513437114
12.59	3.515131176
12.60	3.51683386
12.61	3.518529222
12.62	3.520233205
12.63	3.521929868
12.64	3.523635151
12.65	3.525328778
12.66	3.527027393
12.67	3.528734627
12.68	3.530434547
12.69	3.532143086
12.70	3.533844312
12.71	3.535541835
12.72	3.53725669
12.73	3.538955516
12.74	3.54066732
12.75	3.542371816
12.76	3.544072596
12.77	3.545790736
12.78	3.547492823
12.79	3.54921228
12.80	3.550915675
12.81	3.552632066
12.82	3.554341156
12.83	3.556046513
12.84	3.557769269
12.85	3.559475937
12.86	3.561200016
12.87	3.562907998
12.88	3.564616634
12.89	3.566342698
12.90	3.56805265
12.91	3.56978004
12.92	3.571491309
12.93	3.573207655
12.94	3.574932615
12.95	3.576645859
12.96	3.578376572
12.97	3.580091136
12.98	3.581823181
12.99	3.583539068
13.00	3.585260057
13.01	3.586989657
13.02	3.588711976
13.03	3.590442907
13.04	3.592162105
13.05	3.59388642
13.06	3.595619346
13.07	3.597344996
13.08	3.599079256
13.09	3.600806241
13.10	3.602529424
13.11	3.604265685
13.12	3.605994675
13.13	3.607732274
13.14	3.609462604
13.15	3.611201543
13.16	3.612933214
13.17	3.614661063
13.18	3.616402011
13.19	3.618135694
13.20	3.619877986
13.21	3.621613014
13.22	3.623344208
13.23	3.625093026
13.24	3.626825561
13.25	3.628575733
13.26	3.630309611
13.27	3.632044159
13.28	3.63379636
13.29	3.635532254
13.30	3.637285812
13.31	3.639023053
13.32	3.64077797
13.33	3.642516559
13.34	3.64425582
13.35	3.646012776
13.36	3.647753388
13.37	3.649511706
13.38	3.651253671
13.39	3.65300087
13.40	3.654756673
13.41	3.656500666
13.42	3.658262396
13.43	3.660007746
13.44	3.661758348
13.45	3.663517552
13.46	3.665269519
13.47	3.667030087
13.48	3.668778833
13.49	3.670545355
13.50	3.672295463
13.51	3.674050847
13.52	3.675814831
13.53	3.677571585
13.54	3.679336939
13.55	3.681095066
13.56	3.682849266
13.57	3.684616676
13.58	3.686376861
13.59	3.688145644
13.60	3.689907206
13.61	3.691664828
13.62	3.693440304
13.63	3.695199299
13.64	3.696971522
13.65	3.698736528
13.66	3.700473477
13.67	3.702142774
13.68	3.70381249
13.69	3.705482625
13.70	3.707140624
13.71	3.708811597
13.72	3.710482989
13.73	3.712150138
13.74	3.713822368
13.75	3.715495017
13.76	3.717155522
13.77	3.718829011
13.78	3.720502921
13.79	3.722177251
13.80	3.723852002
13.81	3.725514602
13.82	3.727190194
13.83	3.728866208
13.84	3.730542643
13.85	3.7322195
13.86	3.733896778
13.87	3.735561897
13.88	3.737240019
13.89	3.738918562
13.90	3.740597529
13.91	3.742276918
13.92	3.74394414
13.93	3.745624374
13.94	3.74730503
13.95	3.748981389
13.96	3.750662889
13.97	3.752332216
13.98	3.754014563
13.99	3.755697333
14.00	3.757380528
14.01	3.759064148
14.02	3.760748191
14.03	3.762420052
14.04	3.764104944
14.05	3.76579026
14.06	3.767476002
14.07	3.769162169
14.08	3.770836146
14.09	3.772523162
14.10	3.774210604
14.11	3.775898472
14.12	3.777586766
14.13	3.779275487
14.14	3.780952008
14.15	3.78264158
14.16	3.784331578
14.17	3.786017222
14.18	3.787708072
14.19	3.789386716
14.20	3.791078418
14.21	3.792770548
14.22	3.794463106
14.23	3.796156092
14.24	3.797836865
14.25	3.799530705
14.26	3.801224974
14.27	3.802919671
14.28	3.804614797
14.29	3.806310352
14.30	3.807993685
14.31	3.809690096
14.32	3.811386937
14.33	3.813084207
14.34	3.814781907
14.35	3.816467377
14.36	3.818165935
14.37	3.819864923
14.38	3.821564342
14.39	3.823259348
14.40	3.824959625
14.41	3.826647664
14.42	3.828348801
14.43	3.830050369
14.44	3.831752368
14.45	3.833454799
14.46	3.835144985
14.47	3.836848277
14.48	3.838552002
14.49	3.840256158
14.50	3.841960747
14.51	3.843653084
14.52	3.845358536
14.53	3.847064421
14.54	3.848770739
14.55	3.85047749
14.56	3.852184674
14.57	3.853879598
14.58	3.855587647
14.59	3.857296131
14.60	3.859005048
14.61	3.860709496
14.62	3.862406577
14.63	3.864116792
14.64	3.865827442
14.65	3.867538527
14.66	3.869250047
14.67	3.870962002
14.68	3.87266168
14.69	3.874374504
14.70	3.876087764
14.71	3.877801459
14.72	3.87951559
14.73	3.881217437
14.74	3.882932439
14.75	3.884647877
14.76	3.886363752
14.77	3.888080064
14.78	3.889784084
14.79	3.891501268
14.80	3.893218889
14.81	3.894936947
14.82	3.896650481
14.83	3.898369412
14.84	3.900076043
14.85	3.901795849
14.86	3.903516092
14.87	3.905236774
14.88	3.906957895
14.89	3.908666708
14.90	3.910388705
14.91	3.91211114
14.92	3.913834015
14.93	3.91555733
14.94	3.917281083
14.95	3.918992521
14.96	3.920717153
14.97	3.922442225
14.98	3.924167737
14.99	3.92589369
15.00	3.92760732
15.01	3.929334152
15.02	3.931061425
15.03	3.93278914
15.04	3.934512271
15.05	3.936228093
15.06	3.937957127
15.07	3.939686603
15.08	3.941416521
15.09	3.943146881
15.10	3.944877683
15.11	3.946596147
15.12	3.948327832
15.13	3.950059961
15.14	3.951792532
15.15	3.953525547
15.16	3.955246215
15.17	3.956980115
15.18	3.958714458
15.19	3.960449245
15.20	3.962184476
15.21	3.963920151
15.22	3.965643471
15.23	3.967380034
15.24	3.969117041
15.25	3.970854493
15.26	3.972587302
15.27	3.974312834
15.28	3.976051617
15.29	3.977790845
15.30	3.979530519
15.31	3.981270639
15.32	3.982998389
15.33	3.9847394
15.34	3.986480856
15.35	3.98822276
15.36	3.98996511
15.37	3.991707907
15.38	3.993438325
15.39	3.995182015
15.40	3.996926152
15.41	3.998670737
15.42	4.000415769
15.43	4.002148415
15.44	4.003894342
15.45	4.005640717
15.46	4.00738754
15.47	4.009134812
15.48	4.010877382
15.49	4.012612705
15.50	4.014361319
15.51	4.016110383
15.52	4.017859896
15.53	4.019609859
15.54	4.021347419
15.55	4.02309828
15.56	4.024849591
15.57	4.026601353
15.58	4.028353564
15.59	4.030093367
15.60	4.031846478
15.61	4.033600041
15.62	4.035354055
15.63	4.037108521
15.64	4.038863437
15.65	4.040605936
15.66	4.042361755
15.67	4.044118026
15.68	4.045874749
15.69	4.047631925
15.70	4.049371459
15.71	4.051129536
15.72	4.052888065
15.73	4.054647048
15.74	4.056406483
15.75	4.058166373
15.76	4.059913827
15.77	4.061674622
15.78	4.063435871
15.79	4.065197574
15.80	4.066959732
15.81	4.068709447
15.82	4.070472513
15.83	4.072236033
15.84	4.074000008
15.85	4.075764438
15.86	4.077516419
15.87	4.079281758
15.88	4.081047554
15.89	4.082813805
15.90	4.084580513
15.91	4.086342399
15.92	4.088097102
15.93	4.089865174
15.94	4.091633703
15.95	4.093402689
15.96	4.095172132
15.97	4.096929109
15.98	4.098699466
15.99	4.10047028
16.00	4.102241552
16.01	4.104013282
16.02	4.10578547
16.03	4.107545183
16.04	4.109318287
16.05	4.111091849
16.06	4.112865871
16.07	4.114640351
16.08	4.116402349
16.09	4.118177747
16.10	4.119953604
16.11	4.121729921
16.12	4.123506698
16.13	4.125265643
16.14	4.127043336
16.15	4.12882149
16.16	4.130600104
16.17	4.132379179
16.18	4.134158715
16.19	4.135925753
16.20	4.13770621
16.21	4.139487129
16.22	4.14126851
16.23	4.143050353
16.24	4.144819689
16.25	4.146602454
16.26	4.148385682
16.27	4.150169373
16.28	4.151953527
16.29	4.153738144
16.30	4.155510245
16.31	4.157295787
16.32	4.159081792
16.33	4.160868261
16.34	4.162655194
16.35	4.164424196
16.36	4.166212053
16.37	4.168000374
16.38	4.16978916
16.39	4.171578411
16.40	4.173355131
16.41	4.175145311
16.42	4.176935956
16.43	4.178727067
16.44	4.180518643
16.45	4.182310685
16.46	4.184090188
16.47	4.185883161
16.48	4.187676601
16.49	4.189470507
16.50	4.19126488
16.51	4.193046706
16.52	4.194842012
16.53	4.196637785
16.54	4.198434025
16.55	4.200230734
16.56	4.20202791
16.57	4.203807055
16.58	4.205605164
16.59	4.20740374
16.60	4.209202786
16.61	4.2110023
16.62	4.21278925
16.63	4.214589701
16.64	4.216390622
16.65	4.218192012
16.66	4.219993871
16.67	4.22178316
16.68	4.223585958
16.69	4.225389226
16.70	4.227192965
16.71	4.228997175
16.72	4.230801856
16.73	4.232593956
16.74	4.234399577
16.75	4.23620567
16.76	4.238012234
16.77	4.23981927
16.78	4.241613718
16.79	4.243416154
16.80	4.245224602
16.81	4.247033523
16.82	4.248842916
16.83	4.250652782
16.84	4.252450051
16.85	4.254260862
16.86	4.256072147
16.87	4.257883905
16.88	4.259696137
16.89	4.261495764
16.90	4.263308942
16.91	4.265122595
16.92	4.266936723
16.93	4.268751325
16.94	4.270553315
16.95	4.272368865
16.96	4.274184891
16.97	4.276001393
16.98	4.27781837
16.99	4.279635824
17.00	4.281440655
17.01	4.283253448
17.02	4.285072325
17.03	4.286891679
17.04	4.28871151
17.05	4.290518711
17.06	4.292339495
17.07	4.294160755
17.08	4.295982493
17.09	4.297804709
17.10	4.299627403
17.11	4.301437459
17.12	4.303261108
17.13	4.305085235
17.14	4.306909841
17.15	4.308734926
17.16	4.310547365
17.17	4.312373406
17.18	4.314199927
17.19	4.316026928
17.20	4.31768131
17.21	4.31926085
17.22	4.320840738
17.23	4.322402161
17.24	4.323982742
17.25	4.325557989
17.26	4.327139266
17.27	4.328720892
17.28	4.330297175
17.29	4.331879497
17.30	4.333456472
17.31	4.33503949
17.32	4.336622857
17.33	4.33820087
17.34	4.339784935
17.35	4.341363639
17.36	4.342948402
17.37	4.344533514
17.38	4.346113259
17.39	4.34769907
17.40	4.349279507
17.41	4.350866017
17.42	4.352447147
17.43	4.354034356
17.44	4.355621916
17.45	4.357204089
17.46	4.358792348
17.47	4.360375216
17.48	4.361964176
17.49	4.363553488
17.50	4.3651374
17.51	4.366727412
17.52	4.36831202
17.53	4.369902733
17.54	4.3714938
17.55	4.373079453
17.56	4.374658037
17.57	4.376244386
17.58	4.377836856
17.59	4.379429678
17.60	4.381017074
17.61	4.3826106
17.62	4.384198694
17.63	4.385792924
17.64	4.387387506
17.65	4.38897665
17.66	4.390571937
17.67	4.39216178
17.68	4.393757772
17.69	4.395354118
17.70	4.396945013
17.71	4.398542064
17.72	4.400133659
17.73	4.401731416
17.74	4.403323712
17.75	4.404922176
17.76	4.406520995
17.77	4.408114344
17.78	4.40971387
17.79	4.411307921
17.80	4.412908155
17.81	4.414508745
17.82	4.416103851
17.83	4.417705149
17.84	4.419300958
17.85	4.420902965
17.86	4.422505328
17.87	4.424102194
17.88	4.425692035
17.89	4.427289604
17.90	4.428893385
17.91	4.430497523
17.92	4.432096151
17.93	4.433700999
17.94	4.435300332
17.95	4.436905892
17.96	4.438511809
17.97	4.440112203
17.98	4.441718832
17.99	4.443319932
18.00	4.444927273
18.01	4.446529081
18.02	4.448137135
18.03	4.449745547
18.04	4.451348418
18.05	4.452957543
18.06	4.454561122
18.07	4.456170962
18.08	4.457781161
18.09	4.459385804
18.10	4.460996717
18.11	4.46260207
18.12	4.464213699
18.13	4.465825687
18.14	4.467432106
18.15	4.46904481
18.16	4.47065194
18.17	4.472265361
18.18	4.473879141
18.19	4.475487339
18.20	4.477101836
18.21	4.478697467
18.22	4.480312681
18.23	4.481928255
18.24	4.483538234
18.25	4.485154526
18.26	4.486765218
18.27	4.488382229
18.28	4.489999601
18.29	4.491611365
18.30	4.493229457
18.31	4.494841935
18.32	4.496460746
18.33	4.498073939
18.34	4.499693471
18.35	4.501313366
18.36	4.502927633
18.37	4.504548248
18.38	4.506163231
18.39	4.507784568
18.40	4.509406268
18.41	4.511022327
18.42	4.512644749
18.43	4.514261525
18.44	4.51588467
18.45	4.517508179
18.46	4.519126032
18.47	4.520750264
18.48	4.522368836
18.49	4.523993793
18.50	4.525619112
18.51	4.527238764
18.52	4.528864809
18.53	4.53048518
18.54	4.53211195
18.55	4.533725755
18.56	4.535347206
18.57	4.536975066
18.58	4.538597237
18.59	4.540225823
18.60	4.541854774
18.61	4.543478029
18.62	4.545107707
18.63	4.546731684
18.64	4.54836209
18.65	4.549986789
18.66	4.551617923
18.67	4.553249423
18.68	4.554875208
18.69	4.556507437
18.70	4.558133946
18.71	4.559766904
18.72	4.561400229
18.73	4.563027825
18.74	4.56466188
18.75	4.566290201
18.76	4.567924987
18.77	4.56956014
18.78	4.571189551
18.79	4.572825435
18.80	4.574455572
18.81	4.576092188
18.82	4.577729171
18.83	4.579360399
18.84	4.580998116
18.85	4.582630071
18.86	4.584268521
18.87	4.585907338
18.88	4.587527008
18.89	4.589166559
18.90	4.590800334
18.91	4.592440619
18.92	4.594075123
18.93	4.595716143
18.94	4.597357531
18.95	4.598993131
18.96	4.600635256
18.97	4.602271586
18.98	4.603914446
18.99	4.605557676
19.00	4.607195104
19.01	4.608839071
19.02	4.610477231
19.03	4.612121935
19.04	4.61376701
19.05	4.615406268
19.06	4.617052081
19.07	4.618692072
19.08	4.620338624
19.09	4.621985546
19.10	4.623626639
19.11	4.625274301
19.12	4.626916127
19.13	4.628564529
19.14	4.630213302
19.15	4.631856231
19.16	4.633505745
19.17	4.63514941
19.18	4.636799665
19.19	4.638450292
19.20	4.640081635
19.21	4.641733002
19.22	4.643378507
19.23	4.645030617
19.24	4.646676858
19.25	4.648329711
19.26	4.649982936
19.27	4.651630285
19.28	4.653284255
19.29	4.654932341
19.30	4.656587055
19.31	4.658242142
19.32	4.659891338
19.33	4.661547171
19.34	4.663197106
19.35	4.664853684
19.36	4.666510636
19.37	4.668161682
19.38	4.66981938
19.39	4.671471168
19.40	4.673129612
19.41	4.674788432
19.42	4.676441332
19.43	4.6781009
19.44	4.679754542
19.45	4.681414857
19.46	4.683075547
19.47	4.684730305
19.48	4.686391744
19.49	4.688047244
19.50	4.689709433
19.51	4.691371997
19.52	4.693028615
19.53	4.694678452
19.54	4.696335812
19.55	4.697999876
19.56	4.699657981
19.57	4.701322795
19.58	4.702987987
19.59	4.704647211
19.60	4.706313154
19.61	4.707973125
19.62	4.70963982
19.63	4.711306894
19.64	4.712967986
19.65	4.714635812
19.66	4.716297651
19.67	4.717966231
19.68	4.719635189
19.69	4.721298151
19.70	4.722967864
19.71	4.724631575
19.72	4.726302042
19.73	4.727972888
19.74	4.729637725
19.75	4.731309327
19.76	4.732974913
19.77	4.734647271
19.78	4.736320008
19.79	4.737986722
19.80	4.739660216
19.81	4.74132768
19.82	4.743001932
19.83	4.744670148
19.84	4.746345158
19.85	4.748020548
19.86	4.749676367
19.87	4.751352514
19.88	4.753022611
19.89	4.754699518
19.90	4.756376805
19.91	4.758048034
19.92	4.759726082
19.93	4.761398065
19.94	4.763076873
19.95	4.764756063
19.96	4.76642918
19.97	4.768109131
19.98	4.769783003
19.99	4.771463716