0.1934		341.43	2.901909
0.0728		317.7	2.235082
0.1982		343.23	2.944476
0.0969		155.06	0.70851
0.0613		219.24	1.200899
0.0737		181.48	0.893157
0.1309		224.9	1.356642
0.138		251.89	1.647516
0.1141		398.12	3.393306
0.2742		516.87	6.344215
0.0194		54.1	0.115577
0.217		440.8	4.543361
0.199		450.79	4.608741
0.153		687.6	8.707393
0.0726		215.39	1.181329
0.105		431.37	3.829575
0.111		178.89	0.910497
0.0586		117.36	0.429646
0.141		96.89	0.345098
0.19		319.61	2.593058
0.127		309.2	2.276006
0.069		186.47	0.928838
0.0984		184.12	0.940691
0.0559		79.45	0.225924
0.229		204.2	1.305728
0.061		176.03	0.83757
0.1846		407.61	3.838378
0.13		62.98	0.168025
0.0286		31.26	0.047485
0.1797		331.17	2.714065
0.0661		161.95	0.734662
0.1599		344.55	2.827248
0.0951		279.49	1.858113
0.094		361.39	2.828545
0.0508		523.5	4.946943
0.133		349.95	2.808276
0.0146		26.01	0.034601
0.2112		475.95	5.115258
0.062		130.91	0.515919
0.157		101.08	0.377075
0.27		152.2	0.84968
0.147		447.28	4.270501
0.0589		455.79	3.977333
0.0423		64	0.156089
0.0157		213.6	1.094716
0.0989		196.99	1.051539
0.1805		434.28	4.237381
0.0322		43.48	0.081904
0.075		200.15	1.050267
0.148		348.03	2.833308
0.098		458.9	4.204419
0.048		299.39	1.972425
0.36		141.2	0.845525
0.0602		109.91	0.386497
0.338		70.31	0.261702
0.466		106.24	0.612216
0.0369		43.21	0.08148
0.198		55.6	0.148731
0.076		304.99	2.097956
0.297		126.58	0.6504
0.019		168.12	0.741785
0.2786		517.35	6.390161
0.076		184.07	0.916499
0.062		296.29	1.969423
0.061		168.96	0.783054
0.0599		17.34	0.018689
0.057		134.69	0.537529
0.0556		516.96	4.871933
0.0824		265.04	1.678567
0.0355		49.61	0.102021
0.138		256.82	1.700758
0.054		128.55	0.496316
0.0277		40.58	0.072779
0.094		80.73	0.242112
0.2965		1035.99	20.425901
0.0148		6.52	0.003581
0.0853		243.68	1.467361
0.232		439.6	4.609207
0.365		121.36	0.664022
0.0385		50.65	0.105898
0.118		133.6	0.568739
0.0791		177.24	0.864427
0.06		147.48	0.62587
0.0464		69.87	0.181068
0.251		451.64	4.935834
0.139		300.97	2.208812
0.0447		68.06	0.173097
0.102		43.74	0.089432
0.2952		772.38	12.598125
0.0506		239.89	1.375477
0.0516		77.2	0.214478
0.155		398.4	3.56629
0.1644		581.64	6.709122
0.3		809.35	13.687554
0.074		225.9	1.279395
0.2266		687.71	9.536792
0.04		63.76	0.154759
0.057		148.95	0.633984
0.0619		91.58	0.28708
0.0514		216.12	1.160127
0.059		365.13	2.76492
0.039		110.92	0.383258
0.0797		119.66	0.454206
0.1168		288.8	2.010759
0.1383		238.26	1.50448
0.3432		683.71	10.98696
0.0965		339.88	2.565193
0.1074		178.95	0.907222
0.0505		157.71	0.691313
0.0511		94.66	0.299464
0.074		66.29	0.171321
0.125		292.64	2.074725
0.0624		207.86	1.101682
0.174		89.4	0.314678
0.102		154.32	0.707165
0.136		123.27	0.509129
0.1069		250.13	1.57021
0.0491		132.27	0.517256
0.1065		248.5	1.5527
0.194		33.73	0.065218
0.0696		95.45	0.309916
0.206		84.67	0.299471
0.0966		440.06	3.918665
0.1496		285.27	2.048744
0.2371		496.94	5.672293
0.0796		161.43	0.742068
0.1448		296.03	2.164603
0.0901		52.77	0.120017
0.0553		84.1	0.247827
0.067		37.08	0.065549
0.0711		87.3	0.268194
0.0912		164.83	0.778067
0.227		378.94	3.590285
0.097		127.56	0.514478
0.243		126.92	0.609373
0.1873		276.38	2.036335
0.2026		382.11	3.530143
0.152		484.03	4.890162
0.0097		13.74	0.012086
0.1709		272.25	1.947197
0.1254		257.66	1.684553
0.074		335.58	2.44841
0.064		100.75	0.336548
0.1164		241.18	1.495635
0.2665		483.55	5.631362
0.113		125.21	0.508347
0.0515		66.95	0.169791
0.1913		380.05	3.450361
0.115		207.01	1.162194
0.036		35.16	0.058044
0.032		75.49	0.202347
0.056		123.96	0.468575
0.131		76.35	0.230712
0.0868		107.54	0.384329
0.118		213.5	1.226852
0.135		86.44	0.284145
0.0593		137.64	0.558388
0.058		266.28	1.645635
0.0238		71.03	0.181484
0.0698		120.15	0.452149
0.0718		197.92	1.027456
0.0671		21.55	0.02691
0.0511		51.67	0.110946
0.2		464.83	4.852497
0.1253		249.26	1.595205
0.213		162.98	0.884178
0.408		47.27	0.149877
0.0616		73.66	0.200834
0.1501		323.82	2.523686
0.3475		1183.28	27.166569
0.1637		328.82	2.630717
0.2836		613.19	8.499136
0.0752		439.48	3.815928
0.062		172.55	0.811447
0.288		75.72	0.276745
0.085		168.74	0.802854
0.0487		83.73	0.244269
0.149		74.45	0.226144
0.376		108.56	0.561344
0.0876		45.01	0.092198
0.158		86.94	0.294843
0.0774		185.85	0.932548
0.1128		185.73	0.970285
0.185		141.87	0.680264
0.049		124.83	0.470315
0.323		109.83	0.533139
0.0564		282.61	1.811143
0.209		81.29	0.28117
0.224		103.29	0.424316
0.155		345.47	2.822864
0.045		244.03	1.405897
0.2195		525.28	6.076038
0.0894		258.63	1.625536
0.1759		435.33	4.230388
0.1496		303.02	2.261972
0.0643		142.38	0.593611
0.1651		411.99	3.814294
0.0519		98.74	0.321234
0.0114		162.18	0.693664
0.0603		126.99	0.489851
0.0192		28.04	0.039326
0.0495		90	0.275212
0.686		257.14	3.541152
0.1694		297.74	2.250919
0.642		299.96	4.28722
0.0358		122.12	0.447219
0.0756		146.67	0.63117
0.1729		429.5	4.122744
0.3416		662.4	10.408733
0.1408		226.58	1.389498
0.1008		164.78	0.786378
0.0468		197.61	0.996636
0.103		168.81	0.820253
0.152		347.12	2.834755
0.168		30.93	0.054803
0.1794		698.38	9.223238
0.165		36.85	0.072773
0.1024		215.79	1.22609
0.2839		754.74	11.952927
0.373		152.66	0.977842
0.245		46.82	0.119042
0.319		430	6.4
0.119		272.67	1.834651
0.0623		35.19	0.059841
0.2373		526.83	6.244121
0.1411		391.5	3.408267
0.1521		316.25	2.433456
0.225		71.54	0.232609
0.0536		127.05	0.48661
0.35		143.31	0.854905
0.228		433.19	4.47685
0.115		235.1	1.431915
0.445		190.85	1.554645
0.2553		564.04	7.145512
0.0833		102.94	0.356274
0.296		103.01	0.463299
0.1306		348.86	2.786009
0.122		31.24	0.052725
0.0501		162.49	0.725639
0.154		67.89	0.195584
0.363		211.78	1.650428
0.081		91.59	0.293404
0.0377		69.92	0.17958
0.28		91.35	0.372581
0.1786		455.63	4.573749
0.251		445.84	4.832247
0.151		569.53	6.377529
0.473		274.94	2.939714
0.0497		122.42	0.455873
0.163		231.88	1.482321
0.0442		97.22	0.310523
0.0289		30.7	0.046107
0.203		372.41	3.386051
0.0333		59.9	0.138672
0.2708		510.91	6.197377
0.2192		384.38	3.639374
0.372		111.18	0.58053
0.1186		205.89	1.156778
0.32		405.32	4.520231
0.0957		328.15	2.419356
0.472		210.28	1.891263
0.032		108.38	0.366151
0.0479		72.94	0.194629
0.0673		70.13	0.186467
0.172		78.5	0.253659
0.049		120.16	0.441862
0.0894		372.97	2.963013
0.201		77.38	0.256739
0.1486		390.93	3.430781
0.1398		241.7	1.542954
0.0736		129.32	0.512317
0.0554		167.78	0.769293
0.0051		18.55	0.019681
0.1392		447.61	4.236027
0.05		87.28	0.261854
0.1544		520.77	5.529494
0.0968		152.91	0.692442
0.1728		306.7	2.372899
0.0475		266.58	1.629622
0.0757		107.87	0.381368
0.1147		271.22	1.809494
0.124		249.43	1.594585
0.0697		164.03	0.75324
0.115		75.68	0.223131
0.0936		274.43	1.800189
0.0132		26.66	0.035984
0.0123		12.76	0.01074
0.0972		238.06	1.431743
0.0796		163.27	0.755934
0.224		423.9	4.298821
0.1142		220.04	1.283421
0.0792		136.23	0.561478
0.1098		465.56	4.364236
0.165		190.55	1.076854
0.1076		214.2	1.21861
0.1158		220.29	1.288239
0.269		172.12	1.038229
0.0511		16.45	0.016981
0.0487		168.21	0.766811
0.076		114.14	0.418594
0.0491		128.72	0.49467
0.273		126.42	0.629139
0.0391		450.67	3.81992
0.0518		20.6	0.024584
0.256		135.85	0.692598
0.076		45.71	0.093313
0.241		328.55	2.891941
0.323		660	6.1
0.478		147.84	1.069996
0.246		484.09	5.495441
0.1028		358.55	2.820712
0.1483		450.29	4.324473
0.0448		83.32	0.241244
0.0191		11.44	0.009035
0.134		203.31	1.15391
0.049		236.98	1.345772
0.0643		128.86	0.504007
0.0488		172.1	0.796247
0.038		109.13	0.372779
0.048		397.41	3.138519
0.0685		156.49	0.696381
0.0805		126.07	0.495174
0.0561		110.76	0.389646
0.184		108.31	0.436396
0.0535		188.72	0.931025
0.023		44.69	0.084804
0.06		153.03	0.664945
0.1184		292.19	2.053481
0.442		269.69	2.729783
0.0579		178.96	0.857532
0.2515		372.12	3.59499
0.0117		22.54	0.027264
0.0145		15.59	0.014948
0.3066		736.14	11.818114
0.0554		233.54	1.323277
0.0541		155.83	0.680511
0.016		30.3	0.04451
0.1171		411.84	3.599818
0.2073		366.11	3.310399
0.2		81.58	0.279635
0.425		890.01	18.9
0.064		86.77	0.263421
0.189		128.61	0.581972
0.1582		303.92	2.296714
0.171		124.52	0.539869
0.1084		236.82	1.438047
0.0604		112.07	0.399145
0.257		162.59	0.931133
0.188		87.15	0.307073
0.0544		207.99	1.093054
0.15		108.69	0.421145
0.0542		154.35	0.670025
0.1419		280.18	1.970979
0.413		790	8.6
0.2138		229.17	1.54786
0.062		206.11	1.086002
0.509		154.2	1.196592
0.226		304.88	2.5102
0.136		56.51	0.141671
0.068		92.09	0.2917
0.2537		520.91	6.258801
0.2323		365.04	3.399513
0.254		91.11	0.358775
0.1082		350.46	2.734146
0.256		140.85	0.734899
0.105		131.46	0.545534
0.1125		153.03	0.706073
0.131		44.35	0.094671
0.292		96.61	0.414816
0.346		213.52	1.635278
0.0689		121.61	0.460721
0.03		203.83	1.029501
0.105		105.71	0.381559
0.0382		92.29	0.283225
0.324		473.66	10.09008
0.061		92.58	0.291938
0.0468		87.49	0.261925
0.175		133.63	0.609173
0.563		143.12	1.141141
0.0126		99.44	0.311407
0.041		131.15	0.505538
0.2542		771.24	11.91962
0.0458		270.65	1.667482
0.023		108.06	0.360859
0.2275		462.41	4.979596
0.0685		100.04	0.334315
0.145		190.96	1.054911
0.0767		160.05	0.729269
0.352		592.38	19.639807
0.1421		369.17	3.099037
0.2216		395.43	3.823944
0.0408		69.27	0.177439
0.094		225.83	1.308265
0.113		172.67	0.861163
0.725		186.57	2.209449
0.1362		214.89	1.266904
0.039		85.3	0.249133
0.2264		789.96	11.968015
0.0424		50.18	0.104752
0.26		103.5	0.445655
0.141		352.75	2.872451
0.581		245.57	2.83626
0.042		138.23	0.551689
0.1269		235.15	1.452597
0.0381		67.63	0.170094
0.585		103.8	0.694751
0.318		330	4.1
0.1199		203.85	1.139833
0.112		84.27	0.265261
0.2439		693.92	9.892675
0.02		20.42	0.023408
0.1134		167.35	0.818425
0.475		244.42	2.430499
0.123		240.54	1.500662
0.23		471.67	5.160525
0.188		449.93	4.532349
0.1612		718.84	9.458634
0.1057		239.7	1.462214
0.1288		406.06	3.566213
0.1382		162.78	0.80531
0.088		101.8	0.351715
0.2037		392.6	3.695643
0.1603		223.94	1.395406
0.0645		98.84	0.326305
0.313		470	11.1
0.112		31.3	0.052265
0.112		232.85	1.404549
0.32		262.67	2.219173
0.5049		647.62	12.51974
0.3171		582.55	8.163105
0.028		531.23	4.942477
0.45		129.85	0.832318
0.1264		319.94	2.405416
0.089		145.52	0.632654
0.0333		36.78	0.062317
0.0639		115.3	0.419825
0.173		69.47	0.20783
0.3152		618.05	8.972247
0.18		94.72	0.348551
0.1416		256.88	1.708747
0.056		104.68	0.355131
0.207		99.01	0.387547
0.0328		43.78	0.082868
0.1706		421.46	3.985723
0.0691		145.71	0.619866
0.116		53.89	0.128009
0.2781		368.57	3.661889
0.322		587.88	6.225947
0.067		150.91	0.65502
0.049		194.09	0.970025
0.171		333.21	2.712541
0.0928		165.91	0.787921
0.113		138.59	0.600487
0.1122		144.3	0.64096
0.0569		247.74	1.460216
0.2041		405.56	3.899712
0.1947		349.79	3.024164
0.59		277.51	3.50971
0.0871		247.58	1.509152
0.314		509.25	13.220298
0.1992		561.82	6.614737
0.0732		97.62	0.322868
0.1108		235.76	1.431443
0.207		399.64	3.820564
0.164		159.92	0.806904
0.0077		7.25	0.004231
0.0581		94.97	0.303458
0.068		136.13	0.553785
0.1226		159.44	0.764222
0.0989		319.12	2.319636
0.188		405.24	3.817746
0.0564		118.21	0.433695
0.325		178.97	1.190621
0.0915		188.66	0.971284
0.2924		536.63	6.907787
0.105		34.27	0.060155
0.072		195.13	1.004022
0.155		275.52	1.947777
0.0822		217.31	1.211831
0.2773		476.34	5.571336
0.0344		49	0.099877
0.352		1020	11.9
0.1926		399.24	3.746717
0.1359		295.85	2.13962
0.1208		194.97	1.060659
0.0876		187.25	0.955176
0.057		89.78	0.276397
0.3075		759.8	12.461967
0.0963		186.96	0.962284
0.0943		261.37	1.663138
0.094		218.18	1.236332
0.14		224.49	1.36728
0.243		135.39	0.677438
0.0907		150.47	0.669697
0.1028		798.55	10.487506
0.332		207.38	1.530195
0.438		110.06	0.624359
0.0056		5.68	0.002826
0.269		483.27	5.644133
0.251		50.44	0.135518
0.2357		861.8	13.967532
0.0335		61.94	0.14653
0.1475		364.43	3.053689
0.578		214.74	2.266638
0.1459		190.06	1.047931
0.1325		190.78	1.03772
0.1687		427.79	4.074893
0.1301		302.13	2.199352
0.0473		292.54	1.897483
0.0751		83.95	0.252626
0.134		24.37	0.03559
0.189		227.57	1.483752
0.153		293.83	2.159369
0.407		136.73	0.854439
0.297		132.07	0.69728
0.0557		85.14	0.252995
0.1221		289.44	2.030655
0.0087		51.44	0.10521
0.0722		154.51	0.684855
0.2472		437.59	4.663794
0.0302		41.77	0.076522
0.0448		50	0.104413
0.036		86.42	0.253692
0.0614		106.08	0.365145
0.1246		165.57	0.814902
0.097		168.88	0.815085
0.1506		281.91	2.011794
0.0533		127.78	0.491051
0.378		720	8.9
0.2226		542.32	6.427656
0.0462		98.38	0.317309
0.299		177.13	1.131393
0.111		247.69	1.552593
0.0829		213.01	1.173652
0.0857		38.97	0.072643
0.284		161.07	0.949354
0.1529		260.16	1.768408
0.1068		340.62	2.605129
0.0957		114.44	0.429935
0.097		387.31	3.179797
0.23		50.83	0.133647
0.5027		660.31	12.885281
0.833		322.23	6.291151
0.0519		167.37	0.763259
0.1517		294.92	2.169167
0.005		4.34	0.001819
0.0151		18.37	0.019578
0.334		160.41	1.006899
0.206		510.51	5.701343
0.045		163.25	0.727127
0.0722		126.22	0.491547
0.0897		274.6	1.793951
0.336		630	7.9
0.0659		108.51	0.380906
0.0659		139.31	0.573779
0.0282		44.73	0.085412
0.0688		187.28	0.93527
0.0326		291.18	1.85299
0.177		411.39	3.860827
0.321		176.06	1.15297
0.2143		265.43	1.970695
0.135		545.07	5.82214
0.0155		41.09	0.073319
0.2108		303	2.437859
0.123		143.66	0.644413
0.3062		283.84	2.474743
0.0585		81.79	0.237595
0.5843		462.32	8.041877
0.1557		340.57	2.75988
0.1195		277.89	1.893646
0.0846		351.39	2.672473
0.176		414.41	3.902586
0.0852		418.21	3.557935
0.0539		362.43	2.716018
0.488		153.31	1.15145
0.0963		232.46	1.375433
0.0982		191.33	1.001648
0.443		2210	29.1
0.193		70	0.215663
0.4516		1317.79	37.304424
0.154		490.28	5.006176
0.065		22.4	0.028614
0.0839		130.71	0.527492
0.075		314.57	2.204624
0.0698		148.17	0.637642
0.1669		502.82	5.299925
0.0586		184.84	0.904947
0.0916		199.36	1.063423
0.1911		294.4	2.269213
0.0765		231.6	1.336537
0.098		355.81	2.770068
0.078		123.25	0.475815
0.2475		581.87	7.44515
0.0808		203.36	1.085118
0.149		71.65	0.212396
0.1634		523.02	5.629624
0.0809		178.83	0.878997
0.0809		178.7	0.877924
0.2021		347.24	3.015672
0.0342		28.93	0.042077
0.0542		448.24	3.84966
0.447		1740	15.2
0.199		127.65	0.581999
0.0825		241.24	1.438718
0.0555		531.63	5.100085
0.0398		70.45	0.182205
0.0409		94.72	0.296426
0.0146		27.19	0.037214
0.0354		60.71	0.142062
0.251		472.07	5.307297
0.0842		159.81	0.733684
0.163		81.32	0.265864
0.405		915.13	14.439212
0.4414		840.19	17.58485
0.1043		190.47	1.001337
0.09		152.96	0.687403
0.065		146.22	0.620608
0.1535		337.24	2.708587
0.125		51.28	0.119261
0.0397		208.61	1.080714
0.24		60.91	0.182075
0.108		137.93	0.592345
0.51		110.03	0.688869
0.524		152.35	1.197764
0.1489		280.84	1.995234
0.2195		608.27	7.728559
0.0579		120.33	0.447234
0.0793		127.23	0.502017
0.068		75.88	0.212334
0.594		766.32	12.003921
0.0974		161.35	0.756742
0.0704		387.72	3.090208
0.0239		61.51	0.143362
0.1342		453.08	4.295575
0.135		66.18	0.183334
0.1892		376.35	3.386654
0.1153		191	1.018847
0.1268		235.84	1.459417
0.0898		158.84	0.731062
0.1176		199.36	1.095941
0.1962		396.98	3.728618
0.0897		191.17	0.99053
0.054		84.81	0.250906
0.347		310.62	3.027811
0.203		1105.18	20.158522
0.232		521.88	6.107094
0.173		36.78	0.073247
0.151		306.95	2.31419
0.461		176.33	1.395636
0.1289		218.08	1.286803
0.22		396.4	3.831716
0.2928		69.5	0.241987
0.0041		1.13	0.000201
0.242		118.16	0.541212
0.243		148.08	0.784658
0.028		36.93	0.062381
0.0582		209.25	1.108636
0.192		137.5	0.651822
0.319		110	0.531756
0.449		261.17	2.614748
0.222		40.39	0.09073
0.1843		274.63	2.007814
0.583		209.62	2.193895
0.1393		178.98	0.942175
0.35		556.81	7.917197
0.0786		282.21	1.852614
0.177		172.79	0.93079
0.305		631.25	9.165294
0.0845		439.28	3.853573
0.1509		271.38	1.890749
0.447		112.13	0.651633
0.261		74.8	0.261986
0.0901		268.04	1.725034
0.397		1810	24
0.1595		303.82	2.299077
0.09		186.93	0.955113
0.1466		214.95	1.283397
0.8309		339.29	6.826748
0.0913		164.62	0.776564
0.368		65.14	0.240296
0.1883		424.65	4.123734
0.081		40.75	0.077727
0.396		178.54	1.30391
0.122		216.45	1.260724
0.1533		442.39	4.225983
0.088		186.64	0.950443
0.494		415.24	7.240105
0.221		127	0.593267
0.198		336.05	2.843394
0.37		284.22	2.699017
0.37		151.61	0.962945
0.5377		713.38	15.352674
0.101		183.21	0.935919
0.27		568.2	7.369961
0.0902		163.46	0.766658
0.399		608.82	10.526208
0.2153		1247.5	24.968847
0.1797		308.59	2.417195
0.0352		79.46	0.22085
0.26		155.39	0.867849
0.1241		208.66	1.19014
0.0379		32.97	0.052338
0.1651		314.22	2.446004
0.0847		160.5	0.739347
0.1909		333.22	2.779734
0.0267		58.41	0.132105
0.546		208.87	2.071784
0.0223		24.47	0.03156
0.236		523.14	6.162332
0.196		431.37	4.271815
0.45		446.22	13.573036
0.2966		643.93	9.36593
0.0812		222.02	1.253723
0.0822		219.3	1.230023
0.0852		305.67	2.127767
0.0313		46.56	0.091535
0.1632		228.67	1.449151
0.0845		412.13	3.470646
0.0906		284.49	1.9031
0.088		185.97	0.944863
0.276		138.67	0.734976
0.0912		213.86	1.192577
0.1223		218.75	1.283205
0.568		146.14	1.189087
0.673		180.72	1.950236
0.018		39.81	0.069782
0.1832		839.2	12.524024
0.2438		376.02	3.621345
0.0235		46.64	0.091018
0.0408		60.19	0.14092
0.0442		247.47	1.437223
0.0728		207.62	1.112577
0.0427		61.77	0.147336
0.2124		139.75	0.686609
0.2347		704.55	10.024885
0.1181		259.49	1.689631
0.36		345.2	3.662998
0.43		410.01	6.748492
0.0927		154.13	0.698196
0.139		81.01	0.256683
0.259		84.51	0.319229
0.0826		182.58	0.911157
0.194		115.08	0.488026
0.1259		118.09	0.468866
0.2779		542.42	6.899544
0.11		140.44	0.611504
0.045		124.71	0.467516
0.1756		187.55	1.062813
0.0509		21.17	0.025669
0.015		11.4	0.008942
0.1403		275.37	1.91207
0.386		241.75	2.114745
0.096		108.93	0.396622
0.0798		82.36	0.246166
0.0232		19.81	0.022346
0.0882		294.9	2.013071
0.2197		527.29	6.11578
0.2842		594.96	8.094954
0.205		39.16	0.084442
0.0445		113.77	0.401983
0.1198		220.53	1.296543
0.227		492.86	5.525089
0.189		379.13	3.427024
0.0175		13.44	0.011749
0.2537		474.1	5.363201
0.072		86.9	0.266421
0.219		59.77	0.171934
0.1248		251.79	1.620972
0.0822		147.88	0.644568
0.0221		23.51	0.029541
0.255		83.07	0.308755
0.32		137.35	0.766341
0.0879		179.24	0.889371
0.3334		360.65	3.799045
0.1244		250.9	1.610832
0.0594		181.94	0.882529
0.3499		726.96	12.258363
0.309		306.54	2.818002
0.0398		43.88	0.083813
0.006		13.05	0.011067
0.0385		38.23	0.066778
0.005		23.99	0.030004
0.0181		36.97	0.061808
0.32		207.9	1.51236
0.0183		26.83	0.036561
0.0384		42.75	0.080177
0.0199		67.72	0.167122
0.1712		403.33	3.711221
0.153		361.05	3.027404
0.1967		314.24	2.54297
0.0924		173.42	0.846881
0.19		280.16	2.08927
0.0436		72.63	0.192363
0.166		49.44	0.117979
0.0765		167.56	0.786086
0.3211		406.31	4.544809
0.3877		97.85	0.480857
0.0131		70.31	0.176462
0.078		204.32	1.090082
0.0494		164.18	0.737509
0.0302		23.46	0.029697
0.0031		12.31	0.010027
0.0468		92.44	0.28671
0.2528		1049.56	19.721872
0.409		159.31	1.100758
0.203		643.64	8.30627
0.1475		171.1	0.883713
0.1647		365.51	3.132952
0.127		45.96	0.099899
0.1339		411.94	3.673409
0.347		106.93	0.526782
0.0263		73.52	0.192567
0.2		97.18	0.372576
0.2998		685.58	10.423165
0.0766		359.15	2.744796
0.239		151.96	0.814502
0.165		124.18	0.533551
0.073		90.41	0.284652
0.316		84.23	0.341836
0.285		971.15	18.098963
0.151		310.41	2.357145
0.2248		411.77	4.103032
0.453		124.96	0.784758
0.0293		73.15	0.191602
0.407		108.15	0.581659
0.23		114.55	0.506584
0.531		201.47	1.912492
0.1694		132.41	0.595973
0.23		240.53	1.71015
0.154		375.63	3.234289
0.2529		85.95	0.325648
0.077		132.63	0.536064
0.0788		198.98	1.044658
0.07		159.24	0.717749
0.208		460.97	4.834591
0.0748		161.6	0.739334
0.1696		257.51	1.774552
0.1514		904.53	13.625562
0.0766		727.08	8.726709
0.2651		344.34	3.221154
0.0238		80.12	0.221118
0.088		188.17	0.9633
0.0562		193.6	0.973729
0.1021		311.8	2.241343
0.0817		238.11	1.406968
0.0284		137.31	0.53765
0.5641		151.63	1.256418
0.574		209.62	2.166663
0.0833		96.29	0.319327
0.0395		99.33	0.31996
0.0353		249.45	1.442058
0.099		117.5	0.450691
0.142		185.71	1.004167
0.245		562.02	7.010899
0.0639		48.38	0.101031
0.261		318.97	2.826248
0.128		30.38	0.050712
0.0424		117.42	0.422374
0.625		228.45	2.678637
0.17		165.3	0.858176
0.0442		252.15	1.482131
0.477		114.52	0.702895
0.155		40.62	0.084347
0.11		202.11	1.110969
0.0396		73.73	0.19628
0.068		202.56	1.062668
0.1954		460.39	4.749574
0.0355		215.98	1.138819
0.0491		176.24	0.828139
0.722		179.26	2.060635
0.1034		179.85	0.910439
0.0896		125.14	0.494315
0.163		272.18	1.927804
0.206		394.92	3.742222
0.0873		51.92	0.116484
0.1992		290.2	2.238692
0.2546		598.01	7.857653
0.04		187.52	0.907732
0.0258		32.49	0.050435
0.062		133.2	0.530802
0.0079		2.68	0.000829
0.147		124.06	0.521279
0.229		376.9	3.567656
0.154		292.87	2.150444
0.516		304.5	3.687757
0.0347		344.96	2.452387
0.1525		462.93	4.548122
0.22		77.75	0.265
0.159		295.67	2.197414
0.251		62.46	0.192446
0.119		80.99	0.250559
0.1328		228.85	1.399021
0.117		63.92	0.169549
0.0882		642.4	7.217588
0.188		41.92	0.092461
0.18		231.15	1.50546
0.0353		61.29	0.144283
0.165		434.44	4.160606
0.094		121.83	0.475454
0.0258		55.94	0.122964
0.31		130.17	0.692544
0.109		137.79	0.59202
0.303		199.51	1.38236
0.1698		299.41	2.272747
0.0768		254.31	1.558638
0.1751		473.75	4.855068
0.231		128.3	0.610851
0.085		20.64	0.025591
0.3548		498.9	6.654686
0.0911		166.82	0.793447
0.0726		169.34	0.79624
0.226		231.49	1.597991
0.207		199.44	1.222022
0.0255		32.03	0.049251
0.261		309.33	2.687512
0.0729		106.47	0.372131
0.0761		130.09	0.518795
0.0228		17.04	0.017446
0.022		38.05	0.065077
0.0852		144.47	0.622518
0.2245		388.29	3.725047
0.115		38.99	0.075197
0.134		66.22	0.183334
0.2033		269.27	1.990205
0.304		236.5	1.829505
0.0036		120.92	0.425069
0.166		120.28	0.506973
0.0667		27.34	0.03976
0.126		76.32	0.229181
0.204		606.27	7.539523
0.192		366.65	3.256025
0.1434		348.36	2.822135
0.489		205.31	1.861506
0.0722		424.52	3.592916
0.169		304.75	2.337416
0.251		151.1	0.8194
0.2232		195.67	1.208608
0.0739		584.88	6.088643
0.2076		310.93	2.533328
0.0253		31.54	0.048016
0.488		120.2	0.772587
0.023		28.25	0.039969
0.0581		40.79	0.075898
0.1615		289.53	2.129536
0.34		151.48	0.92395
0.1357		380.79	3.235816
0.0834		301.37	2.074613
0.146		327.81	2.562299
0.0428		142.43	0.579983
0.1627		268.51	1.884716
0.441		120.99	0.73224
0.497		134.52	0.940839
0.1251		220.64	1.305702
0.2793		1005.72	19.026438
0.15		210.55	1.245679
0.248		89.41	0.345262
0.2108		274.46	2.072777
0.247		245.73	1.80987
0.1664		288.46	2.129295
0.0311		113.01	0.39181
0.238		228.15	1.584168
0.083		67.61	0.178731
0.067		109.33	0.386073
0.0442		74.49	0.200634
0.275		120.28	0.581263
0.0851		227.69	1.312476
0.0353		240.52	1.35838
0.1164		249.29	1.579007
0.083		96.38	0.319693
0.098		55.81	0.132758
0.0456		46.14	0.091606
0.5456		778.47	17.911453
0.037		57	0.128329
0.2502		480.65	5.460739
0.078		135.03	0.55266
0.073		97.54	0.322353
0.256		128.67	0.633625
0.0444		87.82	0.262857
0.0925		101.42	0.351374
0.18		81.98	0.275037
0.0416		198.96	1.002026
0.0852		155.77	0.704305
0.549		315.92	4.100588
0.38		290.84	2.84064
0.0858		101.13	0.347074
0.127		241.9	1.521819
0.3826		790.37	14.68912
0.4246		239.04	2.187326
0.115		423.15	3.75422
0.169		552.78	6.206455
0.1072		263.08	1.706366
0.112		46.37	0.099588
0.4249		219.15	1.897601
0.1894		382.53	3.479201
0.3137		461.79	5.55221
0.1706		424.92	4.039507
0.0292		33.03	0.052011
0.2329		895.25	14.814972
0.117		187.33	0.988898
0.037		132.02	0.508824
0.305		106.8	0.49734
0.547		207.78	2.056833
0.5049		459.37	7.128027
0.0321		33.11	0.052369
0.0916		191.9	0.998933
0.064		216.84	1.182909
0.1161		176.25	0.893878
0.0032		1.18	0.000215
0.176		93.16	0.337531
0.4294		151.8	1.045536
0.154		114.69	0.462149
0.127		273.58	1.862146
0.114		118.02	0.461912
0.04		51.99	0.110717
0.073		179.31	0.875003
0.799		350.43	6.886661
0.0586		167.55	0.770331
0.0439		17.52	0.018688
0.0422		133.54	0.521412
0.2018		161.34	0.857558
0.0403		102.06	0.334828
0.0389		102.68	0.337656
0.122		58.54	0.147644
0.0427		11.77	0.009721
0.0643		188.14	0.937582
0.161		187.59	1.044463
0.0308		36.29	0.060798
0.1042		185.66	0.960101
0.317		87.15	0.362004
0.178		468.63	4.786218
0.1085		308.43	2.218114
0.0214		213.98	1.104603
0.0657		134.47	0.541372
0.123		90.29	0.300903
0.3241		445.02	5.297243
0.45		260.87	2.613299
0.136		98.29	0.35118
0.171		267.3	1.889759
0.0252		31.86	0.048796
0.1306		226.01	1.367168
0.271		146.58	0.799864
0.129		245.4	1.561726
0.192		241.69	1.64377
0.412		912.24	19.335949
0.0601		92.97	0.29368
0.062		53.23	0.117945
0.2347		523.35	6.156387
0.288		231.05	1.724586
0.297		99.17	0.435851
0.266		141.67	0.751548
0.147		463.39	4.52565
0.174		52.23	0.130346
0.0565		180.57	0.868893
0.0619		75.17	0.207666
0.153		506.13	5.267989
0.098		49.22	0.108038
0.184		93.62	0.343633
0.1014		190.71	1.000012
0.061		10.62	0.008374
0.1904		405.52	3.833487
0.133		51.82	0.122489
0.2803		476.01	5.586698
0.1535		177.94	0.949215
0.1022		153.6	0.701891
0.131		89.5	0.299388
0.0319		46.15	0.090281
0.0411		149.22	0.624786
0.1186		175.12	0.887055
0.24		120.55	0.557876
0.266		499.19	5.929316
0.1716		181.58	1.003046
0.045		40.46	0.073814
0.0656		62.37	0.15356
0.0316		26.84	0.037093
0.0901		232.34	1.364553
0.2579		631.5	8.628537
0.108		72.53	0.206448
0.244		306.04	2.584085
0.545		934.27	14.47176
0.068		383.99	3.033343
0.23		87.45	0.325414
0.2519		185.72	1.150595
0.289		523.47	6.603054
0.45		200.45	1.696465
0.389		1280	9.3
0.14		75.24	0.227663
0.0132		18.79	0.020277
0.269		442.78	4.889634
0.064		10.92	0.008793
0.0654		253.21	1.527879
0.138		177.28	0.926105
0.1427		554.54	6.044138
0.305		166.71	1.032383
0.221		130.45	0.6199
0.562		265.29	3.135421
0.31		110.4	0.528629
0.0575		71.97	0.192441
0.1471		197.4	1.116758
0.1371		224.95	1.36717
0.168		315.13	2.466421
0.0326		92.89	0.284521
0.1245		282.84	1.960864
0.543		498.04	13.056778
0.1392		237.46	1.497723
0.0258		25.1	0.033021
0.083		280.14	1.83959
0.0815		198.41	1.04296
0.1019		382.23	3.129309
0.0655		87.76	0.268825
0.161		360.42	3.04794
0.1021		128.38	0.522951
0.0811		113.53	0.417285
0.081		268.5	1.711944
0.0286		32.97	0.05181
0.29		294.8	2.578398
0.0482		127.2	0.484635
0.1353		232.66	1.441768
0.075		158.74	0.718135
0.0888		160.41	0.74209
0.0908		213.8	1.191519
0.0341		48.69	0.098812
0.193		57.76	0.157348
0.161		201.12	1.170838
0.175		88.27	0.308583
0.165		298.73	2.251172
0.233		83.68	0.303865
0.1162		210.6	1.197113
0.232		70.34	0.228254
0.1577		144.41	0.677439
0.16		67.27	0.194059
0.22		140.62	0.700255
0.0375		37.59	0.064889
0.3668		568.43	8.375561
0.5		260.37	2.790358
0.0724		247.79	1.48629
0.1971		606.76	7.484993
0.1649		204.87	1.212633
0.351		118.17	0.62385
0.3063		562.06	7.589307
0.0324		8.27	0.00539
0.278		70.96	0.245624
0.428		173.04	1.293605
0.4274		265.94	2.615216
0.0622		552.8	5.478067
0.1644		600.57	7.070933
0.304		556.15	7.436485
0.342		106.46	0.519477
0.2315		225.99	1.546824
0.029		4.46	0.001953
0.356		1640	14.7
0.41		128.72	0.777014
0.0451		81.74	0.233877
0.0309		121.54	0.441378
0.062		137.71	0.560566
0.472		212.31	1.921205
0.0894		814.91	10.676087
0.11		116.24	0.44844
0.194		277.71	2.069583
0.0613		133.6	0.532981
0.179		177.6	0.97602
0.353		488.48	6.412871
0.164		390.06	3.482342
0.0723		350.78	2.627874
0.3821		116.18	0.632514
0.13		42.54	0.088286
0.0337		70.79	0.182441
0.0231		428.46	3.455556
0.0612		198.07	1.016556
0.0948		187.82	0.96791
0.0748		225.15	1.273561
0.058		198.68	1.018021
0.1631		175.49	0.938697
0.0283		41.79	0.076411
0.0353		65.96	0.162758
0.399		338.91	3.745412
0.1515		264.63	1.815528
0.262		181.8	1.125536
0.546		156.39	1.288913
0.118		55.87	0.136141
0.1341		198.79	1.112234
0.094		238.9	1.434697
0.0314		59.78	0.137905
0.149		94.77	0.335973
0.253		71.7	0.241908
0.0621		142.36	0.591999
0.13		306.14	2.247197
0.241		151.74	0.81466
0.0688		98.68	0.327037
0.194		398.9	3.748058
0.1498		283.68	2.03057
0.095		200.19	1.074818
0.0712		188.72	0.949621
0.3976		364.93	4.220339
0.2993		302.68	2.725204
0.03		98.53	0.31253
0.261		147.71	0.799622
0.0473		17.13	0.018067
0.117		110.6	0.416706
0.0972		257.34	1.626729
0.1145		457.41	4.263016
0.368		80.91	0.342905
0.123		33.71	0.0598
0.345		816.27	14.72765
0.0503		115.24	0.413163
0.065		261.68	1.611874
0.072		141.97	0.595934
0.2952		403.41	4.341966
0.0777		285.36	1.884743
0.1407		282.67	1.996842
0.05		36.34	0.062215
0.098		314.09	2.257681
0.186		170.01	0.916337
0.0756		117.96	0.441601
0.1832		364.34	3.187649
0.0579		67.54	0.173471
0.0673		92.13	0.291699
0.2246		64.64	0.19686
0.234		353.21	3.227676
0.0523		33.73	0.05521
0.209		67.2	0.205784
0.0168		28.48	0.040254
0.744		160.42	1.771106
0.171		519.75	5.623645
0.1313		292.25	2.085625
0.3083		405.87	4.461179
0.063		62.91	0.155272
0.224		788.32	11.891143
0.112		73.26	0.210839
0.0894		148	0.650792
0.0594		102.13	0.342342
0.0672		196.73	1.012013
0.29		85.09	0.33597
0.1073		337.85	2.571958
0.43		206.27	1.730126
0.017		39.72	0.069455
0.245		185.42	1.137481
0.0621		30.38	0.047025
0.274		134.47	0.697055
0.1054		190.09	0.999271
0.1013		204.54	1.121587
0.075		97.31	0.321867
0.0499		94.4	0.297744
0.39		282.84	2.7505
0.4161		425.51	5.566875
0.0757		323.72	2.31261
0.1249		144.14	0.649432
0.0363		62.53	0.149289
0.2796		297.85	2.587135
0.0362		51.65	0.109082
0.23		66.19	0.206084
0.0177		21.53	0.025452
0.08		148.19	0.64516
0.226		339.39	2.992847
0.088		156.16	0.709528
0.0164		61.06	0.140515
0.078		273.4	1.757551
0.1173		196.96	1.074001
0.0146		36.24	0.059605
0.483		95.95	0.530212
0.0843		124.16	0.485041
0.113		406.95	3.513114
0.888		438.57	11.252921
0.2212		313.08	2.606092
0.1882		323.19	2.635054
0.2138		419.21	4.167436
0.124		226.42	1.360526
0.023		25.79	0.034422
0.182		245.86	1.669915
0.0872		198.72	1.052481
0.096		54.5	0.127387
0.0269		20.56	0.02385
0.0953		449.08	4.045226
0.043		38.86	0.068931
0.341		107.76	0.52923
0.148		217.19	1.307553
0.229		466.11	5.054695
0.269		135.73	0.703224
0.087		149.55	0.660132
0.0802		275.48	1.783924
0.33		210.19	1.560174
0.3331		467.81	5.818125
0.024		25.2	0.033179
0.56		196.83	1.91641
0.1489		168.07	0.859608
0.0315		67.44	0.168099
0.1259		359.4	2.909192
0.1712		364.34	3.141204
0.138		181.47	0.962224
0.1585		142.78	0.665544
0.209		477.77	5.133317
0.1549		269.98	1.883816
0.387		667.09	10.21968
0.0428		91.41	0.280225
0.0464		91.59	0.282261
0.775		184.73	2.330663
0.497		124.87	0.832738
0.288		459.87	5.332254
0.378		676.16	11.301955
0.0654		155.14	0.684165
0.0163		118.91	0.419185
0.7		227.11	2.9458
0.282		753.49	11.891012
0.078		123.66	0.478417
0.1709		187.13	1.052919
0.372		304.38	3.028141
0.06		80.69	0.232755
0.0488		160.98	0.713622
0.091		15.32	0.015804
0.314		679.32	10.460418
0.1813		380.11	3.409117
0.019		48.05	0.095101
0.24		91.65	0.355892
0.2993		446.82	5.161802
0.23		146.03	0.754425
0.0353		26.1	0.035575
0.546		1295.76	22.71567
0.2472		314.64	2.715229
0.1712		700.75	9.182178
0.382		59.38	0.21037
0.4107		618.86	10.215037
0.308		32.45	0.070778
0.163		71.23	0.213935
0.0567		181.14	0.873617
0.463		481.1	7.452147
0.0491		70.13	0.182714
0.053		32.32	0.051504
0.18		39.43	0.082806
0.2203		254.32	1.851188
0.287		68.85	0.236503
0.246		215.37	1.455985
0.5477		126.53	0.912743
0.252		96.59	0.393893
0.3014		81.6	0.318403
0.0423		77.43	0.213329
0.404		221.38	1.875511
0.206		472.97	5.030016
0.2997		247.74	1.963241
0.338		259.96	2.234322
0.34		209.73	1.575258
0.072		138.62	0.573064
0.1463		40.88	0.084342
0.0951		51.76	0.116947
0.373		89.82	0.409702
0.0381		103.22	0.34025
0.143		33.23	0.059807
0.1177		331.05	2.518069
0.208		111.27	0.46987
0.697		694	17.377668
0.0299		296.26	1.900691
0.355		114.42	0.594889
0.0647		101.82	0.342667
0.0926		35.22	0.062005
0.1372		410.23	3.662694
0.169		102.4	0.39078
0.464		270.95	2.834838
0.1492		251.16	1.661816
0.1481		236.06	1.499174
0.3038		405.32	4.425047
0.0822		111.05	0.402944
0.079		171.19	0.816501
0.0795		56.33	0.131961
0.171		65.76	0.189478
0.699		176.7	1.949147
0.0561		421.85	3.492455
0.0794		201.12	1.06392
0.14		44.95	0.097808
0.0301		38.68	0.067444
0.0922		143.31	0.61928
0.2279		621.97	8.101197
0.309		179.16	1.167951
0.587		230.7	2.581573
0.1537		289.63	2.110832
0.1825		308.51	2.424488
0.189		106.99	0.430329
0.081		177.53	0.868597
0.112		208.46	1.171477
0.2011		235.93	1.597932
0.232		64.27	0.196871
0.0179		615.08	6.217359
0.0763		145.5	0.623486
0.0172		183.46	0.854335
0.176		94.69	0.346667
0.125		62.14	0.163428
0.14		287.68	2.05358
0.195		131.25	0.606205
0.091		419.75	3.603233
0.064		102.01	0.343477
0.2917		435.2	4.894797
0.1754		321.88	2.576747
0.174		143.38	0.682912
0.0317		37.96	0.065512
0.92		204.35	3.360775
0.2296		257.05	1.90608
0.125		190.88	1.029484
0.0502		42.71	0.081099
0.576		161.77	1.420485
0.411		175.86	1.297999
0.118		291.67	2.046494
0.0174		61.52	0.142418
0.0541		46.96	0.095185
0.344		153.99	0.954152
0.487		284.69	2.858804
0.6		339.68	4.957997
0.089		195.16	1.02386
0.0276		31.36	0.04769
0.0307		85.93	0.249901
0.137		79.65	0.249047
0.243		76.94	0.268128
0.0557		583.45	5.941793
0.154		254.95	1.712986
0.3384		83.78	0.349007
0.2946		70.38	0.247587
0.03		192.53	0.93759
0.5921		163.24	1.47437
0.341		764.42	13.154815
0.145		327.09	2.549942
0.4		283.85	2.804131
0.1753		299.71	2.291921
1.261		138.68	2.802865
0.574		95.8	0.599931
0.022		188.97	0.901445
0.1565		241.18	1.568663
0.315		164.8	1.026405
0.0918		158.13	0.727414
0.1745		218.81	1.366723
0.1353		170.85	0.868863
0.242		461.04	5.047277
0.129		229.24	1.396706
0.183		322.83	2.613452
0.0625		92.47	0.291879
0.1167		352.38	2.786307
0.2259		471.6	5.132532
0.228		870.19	14.053749
0.1868		222.05	1.421306
0.4069		396.98	4.906562
0.39		225.02	1.890314
0.1303		365.08	3.000609
0.1267		348.39	2.767123
0.404		93.39	0.455388
0.27		240.49	1.799222
0.254		353.86	3.320813
0.051		87.39	0.262678
0.174		466.14	4.721468
0.052		42.13	0.079462
0.112		175.22	0.881111
0.098		234.19	1.395062
0.067		190.16	0.956994
0.1076		262.05	1.696173
0.2806		400.82	4.215661
0.0341		46.08	0.090252
0.144		422.56	3.876317
0.0579		78.8	0.223393
0.7		309.16	4.885149
0.167		132.18	0.592506
0.14		257.85	1.716089
0.383		127.69	0.739404
0.133		89.37	0.29939
0.0716		168.74	0.790784
0.199		69.24	0.213417
0.0352		39.65	0.070626
0.211		358.61	3.214715
0.0501		134.78	0.534051
0.158		388.22	3.430483
0.0228		41.97	0.076502
0.1158		168.58	0.830671
0.423		103.8	0.55571
0.28		398.77	4.177079
0.62		265.59	3.405522
0.2799		719.29	10.988898
0.2354		236.64	1.67644
0.185		363.63	3.184473
0.199		260.77	1.878145
0.5019		116	0.742918
0.132		158.52	0.765425
0.2172		578.94	7.106236
0.0489		140.83	0.573141
0.2836		466.26	5.423392
0.214		527.17	6.070044
0.0988		97.85	0.333736
0.4599		453.06	6.550027
0.4655		184.07	1.506823
0.192		401.16	3.773579
0.479		192.44	1.651062
0.2764		304.5	2.671417
0.051		111.67	0.392691
0.0644		110.43	0.391325
0.029		30.4	0.045392
0.2052		369.24	3.348174
0.39		92.37	0.438846
0.0909		104.59	0.368896
0.329		67.86	0.244006
0.872		204.01	3.137434
0.33		141.01	0.810685
0.112		28.02	0.043596
0.111		136.78	0.586302
0.1068		216.43	1.238344
0.372		110.79	0.577237
0.1032		200.52	1.08801
0.1066		356.09	2.801329
0.26		600.24	7.96061
0.1017		149.44	0.67064
0.251		73.37	0.250565
0.0691		104.84	0.3613
0.047		40.5	0.074092
0.045		15.48	0.015272
0.1043		145.94	0.646986
0.294		137.4	0.741087
0.0704		119.37	0.447651
0.083		102.54	0.353877
0.125		61.07	0.158832
0.214		162.86	0.884182
0.135		24.37	0.03562
0.034		129.02	0.488395
0.4753		110.63	0.662599
0.13		208.41	1.196061
0.0808		67	0.17565
0.0766		70.32	0.189253
0.559		182.48	1.69035
0.051		71.38	0.188477
0.0673		24.44	0.033106
0.0381		168.1	0.75714
0.171		34.91	0.06708
0.0527		95.61	0.304952
0.082		157.25	0.712705
0.065		132.51	0.528068
0.26		155.05	0.864741
0.1138		261.53	1.702855
0.0429		15.34	0.015008
0.1369		399.04	3.499008
0.1051		180.95	0.921395
0.26		81.35	0.300251
0.105		49.15	0.108655
0.0272		22.87	0.028398
0.0463		12.8	0.011199
0.1094		194.73	1.044438
0.203		88.25	0.319285
0.239		38.75	0.086619
0.34		48.74	0.14388
0.0276		86.91	0.253721
0.088		169.06	0.808131
0.677		248.28	3.301656
0.1961		226.97	1.490356
0.475		221.69	2.070857
0.1031		155.93	0.720191
0.3179		587.08	8.27629
0.2263		275.75	2.129747
0.31		124.84	0.6467
0.2065		370.85	3.377598
0.1329		209.3	1.2086
0.322		442.94	5.242201
0.302		88.68	0.365238
0.1203		315.85	2.338311
0.0869		106.78	0.37989
0.0701		236.26	1.370998
0.1515		263.06	1.797908
0.0384		30.58	0.04628
0.353		766.11	13.414886
0.319		150.66	0.890648
0.1822		39.26	0.082451
0.316		200.75	1.420518
0.2055		213.64	1.365361
0.29		83.5	0.325743
0.796		264.19	4.315041
0.181		65.27	0.189485
0.204		54	0.142876
0.1014		117.46	0.451663
0.332		265.47	2.29423
0.37		110.97	0.577227
0.398		154.64	1.032857
0.1829		63.47	0.181399
0.3259		460.93	5.624789
0.525		239.64	2.520954
0.0266		31.04	0.046842
0.219		104.81	0.431904
0.09		114.85	0.429615
0.235		116.96	0.527551
0.312		164.01	1.01435
0.1394		332.81	2.606019
0.3019		539.3	7.051162
0.385		151.59	0.982274
0.098		252.35	1.576739
0.2167		134.02	0.644456
0.1454		211.3	1.245988
0.119		234.68	1.43439
0.0907		15.63	0.016324
0.327		237.79	1.902516
0.328		120.09	0.621375
0.0834		129.09	0.516522
0.298		128.62	0.668555
0.85		216.65	3.358891
0.5408		207.96	2.042146
0.0809		374.1	2.94906
0.1406		184.53	0.992101
0.2507		131.61	0.65307
0.225		247.97	1.786504
0.453		310.55	3.492559
0.224		53.05	0.142284
0.192		55.26	0.14617
0.22		36.3	0.075974
0.343		200.97	1.474773
0.146		73.37	0.220032
0.12		163.89	0.79704
0.2391		59.06	0.172939
0.22		416.53	4.155888
0.179		103.01	0.399458
0.451		153.73	1.099327
0.1623		207.53	1.234692
0.246		58.81	0.173213
0.0846		19.98	0.024258
0.0284		6.74	0.003837
0.3652		66.54	0.247869
0.1621		84.94	0.285212
0.3923		88.09	0.407319
0.0428		19.43	0.022102
0.53		161.92	1.334573
0.263		206.34	1.387088
0.1886		230.64	1.515948
0.18		53.73	0.137534
0.1818		686.68	8.997743
0.608		138.91	1.15688
0.246		52.66	0.144541
0.7843		221.59	3.181918
0.245		151.12	0.813336
0.1709		464.12	4.670325
0.2339		489.27	5.507116
0.116		240.63	1.489357
0.0879		25.51	0.036352
0.245		140.27	0.719754
0.6909		108.79	0.869925
0.3864		103.07	0.522739
0.0888		25.71	0.03686
0.0863		121.47	0.469019
0.206		332.03	2.815652
0.056		43.88	0.085332
0.254		69.62	0.230828
0.0933		61.35	0.15422
0.1127		174.37	0.874787
0.1159		247.47	1.559224
0.0617		7.8	0.005052
0.0861		19.95	0.024245
0.1706		226.05	1.434823
0.042		21.65	0.026385
0.1668		165.88	0.859751
0.2471		368.78	3.522396
0.2153		68.33	0.213123
0.0833		64.77	0.16665
0.077		141.02	0.59279
0.0248		23.92	0.030499
0.201		162.92	0.870549
0.265		175.4	1.065325
0.303		127.36	0.662094
0.0928		204.11	1.106807
0.0508		11.82	0.009878
0.282		259.34	2.068086
0.128		28.4	0.045419
0.0504		50.62	0.107192
0.8156		210.04	3.043934
0.1981		81.86	0.280576
0.205		387.95	3.62995
0.307		77.91	0.297308
0.203		77.67	0.25897
0.087		107.67	0.385167
0.2415		291.37	2.376503
0.5		230.24	2.280765
0.0994		25.95	0.037882
0.2103		279.69	2.136681
0.5113		122.81	0.826416
0.205		107.29	0.440992
0.2097		65.73	0.198588
0.0823		99.97	0.339204
0.2057		208.29	1.310104
0.207		48.9	0.121863
0.227		278.16	2.162318
0.0863		69.51	0.187751
0.107		25.42	0.036944
0.0941		29.78	0.047183
0.214		84.94	0.304054
0.1136		170.24	0.841948
0.0386		10.04	0.007453
0.117		83.6	0.26334
0.0877		183.75	0.92612
0.0386		9.57	0.006886
0.223		483.64	5.329782
0.3275		486.03	6.148737
0.4925		163.3	1.285017
0.579		269.83	3.300896
0.584		885.56	13.13976
0.2297		80.67	0.284926
0.345		118.52	0.621911
0.0859		30.4	0.048345
0.0971		46.65	0.098837
0.21		124.77	0.568401
0.3059		223.52	1.671902
0.5509		285.69	3.486201
0.235		66.67	0.209832
0.185		200.27	1.197294
0.226		68.68	0.217842
0.0824		105.83	0.372431
0.225		270.77	2.063762
0.23		99.41	0.401524
0.1927		336.54	2.831511
0.225		367.98	3.412967
0.268		104.13	0.454786
0.145		343.83	2.767448
0.1912		229.09	1.504147
0.1053		162.04	0.769028
0.2143		272.94	2.062938
0.1332		189.17	1.024289
0.1125		169.11	0.831754
0.083		129.96	0.521997
0.133		154.16	0.732052
0.291		98.63	0.428587
0.2149		460.49	4.868103
0.11		117.91	0.459094
0.282		156.44	0.902703
0.213		88.85	0.326916
0.124		173.72	0.881101
0.122		145.12	0.654442
0.0059		3.21	0.001108
0.24		88.61	0.336721
0.165		218.65	1.349382
0.0056		0.96	0.000153
0.1503		141.96	0.652852
0.096		251.21	1.561498
0.345		850	20
0.048		7.51	0.004677
0.3967		569	8.733438
0.26		378.99	3.744904
0.3461		126.47	0.692785
0.3492		249.43	2.119051
0.0584		110.41	0.388635
0.1405		343.7	2.750944
0.0581		425.02	3.543467
0.1058		128.19	0.52398
0.051		22.91	0.029233
0.29		51.85	0.149127
0.545		265.05	3.057653
0.2		301.41	2.384622
0.2053		277.76	2.099382
0.206		210.42	1.332633
0.8317		213.97	3.20875
0.6241		262.12	3.352002
0.178		423.34	4.051321