0.26	17.55906157	0.02686483	0.4	0.02	1.105867105
0.2	24.81243272	0.043019023	0.5	0.04	1.083411564
0.31	32.54893401	0.07727108	0.5	0.07	1.083411564
0.25	20.19139077	0.032543242	0.6	0.03	1.079055738
0.29	24.9624767	0.048519741	0.6	0.04	1.079055738
0.1	15.66649439	0.017876716	0.6	0.02	1.079055738
0.34	31.93698651	0.077612163	0.6	0.07	1.079055738
0.13	18.44347872	0.024236593	0.65	0.02	1.080832723
0.36	20.1271087	0.037582286	0.7	0.03	1.084876345
0.12	18.92352537	0.025076917	0.7	0.02	1.084876345
0.08	11.07302527	0.009993912	0.73	0.01	1.090443172
0.38	57.1713801	0.217537551	0.8	0.2	1.103383386
0.22	49.55192543	0.139661855	0.8	0.13	1.103383386
0.1	9.861849494	0.008556738	0.8	0.01	1.103383386
0.12	16.13544291	0.019638018	0.8	0.02	1.103383386
0.19	32.42999706	0.067129845	0.8	0.06	1.103383386
0.15	33.09846202	0.066225169	0.81	0.06	1.10522645
0.11	18.39032194	0.024294755	0.86	0.02	1.114438318
0.2	11.63411323	0.012905895	0.9	0.01	1.12557957
0.1	22.06026199	0.032687956	0.9	0.03	1.12557957
0.1	15.56711515	0.018453877	0.9	0.02	1.12557957
0.25	59.5283873	0.199925443	0.9	0.18	1.12557957
0.57	69.71119178	0.398665651	0.9	0.35	1.12557957
0.12	25.30875719	0.043061834	1	0.04	1.156425983
0.15	21.8688607	0.035117188	1	0.03	1.156425983
0.12	23.65383992	0.038541365	1	0.03	1.156425983
0.11	18.91485373	0.026400049	1	0.02	1.156425983
0.41	52.79394882	0.208338236	1	0.18	1.156425983
0.41	80.32358339	0.414642318	1	0.36	1.156425983
0.12	12.68810521	0.013877112	1	0.01	1.156425983
0.14	49.85027199	0.134023989	1	0.12	1.156425983
0.06	31.3593762	0.058508345	1.08	0.05	1.184187682
0.23	36.08626132	0.090609493	1.1	0.08	1.189085359
0.15	36.58116312	0.083954183	1.1	0.07	1.189085359
0.17	40.09630566	0.099975919	1.1	0.08	1.189085359
0.13	10.7173016	0.01094672	1.1	0.01	1.189085359
0.11	35.92287749	0.077723375	1.1	0.07	1.189085359
0.19	29.92767726	0.063417489	1.1	0.05	1.189085359
0.54	90.43204139	0.63047189	1.2	0.52	1.211088127
0.17	37.75863727	0.094164286	1.3	0.08	1.235913984
0.17	51.49403528	0.156624907	1.3	0.13	1.235913984
0.41	70.68597983	0.359341991	1.3	0.29	1.235913984
0.12	41.84356522	0.104971118	1.3	0.08	1.235913984
0.38	59.48528108	0.260048661	1.3	0.21	1.235913984
0.18	48.29036454	0.142697393	1.3	0.12	1.235913984
0.23	27.84475321	0.061558404	1.3	0.05	1.235913984
0.09	44.99620623	0.114205868	1.3	0.09	1.235913984
0.12	55.6379686	0.167497243	1.3	0.14	1.235913984
0.11	12.68390581	0.014650524	1.3	0.01	1.235913984
0.29	42.61333538	0.133587471	1.3	0.11	1.235913984
0.13	41.1525398	0.103354543	1.3	0.08	1.235913984
0.09	66.07262081	0.214444671	1.3	0.17	1.235913984
0.45	72.65278081	0.404617768	1.4	0.32	1.259887056
0.17	41.99391518	0.114274276	1.4	0.09	1.259887056
0.26	57.55156538	0.214449155	1.4	0.17	1.259887056
0.59	54.99100209	0.310967843	1.4	0.25	1.259887056
0.21	44.8972828	0.133963791	1.4	0.11	1.259887056
0.1	67.49322864	0.228985732	1.4	0.18	1.259887056
0.28	54.97772589	0.2041395	1.4	0.16	1.259887056
0.31	55.13412608	0.213267381	1.4	0.17	1.259887056
0.1	36.02183701	0.08176919	1.4	0.06	1.259887056
0.24	34.04318543	0.088364698	1.4	0.07	1.259887056
0.28	39.61277539	0.119253349	1.4	0.09	1.259887056
0.29	42.93779905	0.137883299	1.4	0.11	1.259887056
0.43	42.87097351	0.16576334	1.4	0.13	1.259887056
0.24	61.33536947	0.232057337	1.4	0.18	1.259887056
0.18	61.98265266	0.219054043	1.4	0.17	1.259887056
0.17	34.59358388	0.083152546	1.4	0.07	1.259887056
0.19	87.97165544	0.393812976	1.4	0.31	1.259887056
0.12	34.37310268	0.077827667	1.43	0.06	1.265099683
0.12	26.00225568	0.049729327	1.5	0.04	1.277567818
0.17	73.09389161	0.28756774	1.5	0.23	1.277567818
0.21	59.72959551	0.216945069	1.5	0.17	1.277567818
0.25	44.29152323	0.139731425	1.5	0.11	1.277567818
0.35	37.53757062	0.121372775	1.5	0.1	1.277567818
0.39	72.28762441	0.375082413	1.5	0.29	1.277567818
0.4	40.79003482	0.150908301	1.6	0.12	1.296184673
0.15	38.15195225	0.098048593	1.6	0.08	1.296184673
0.28	50.65819682	0.183646037	1.6	0.14	1.296184673
0.32	52.79449998	0.20705254	1.6	0.16	1.296184673
0.17	77.97199646	0.324367622	1.6	0.25	1.296184673
0.12	39.66206686	0.10083539	1.6	0.08	1.296184673
0.19	30.51761767	0.071378298	1.6	0.06	1.296184673
0.21	44.33555618	0.135006707	1.6	0.1	1.296184673
0.27	33.77467466	0.093247525	1.6	0.07	1.296184673
0.14	40.9341255	0.108736932	1.6	0.08	1.296184673
0.13	35.36975157	0.084557903	1.6	0.07	1.296184673
0.08	62.53007695	0.204964586	1.66	0.16	1.307847712
0.17	39.95657099	0.110001377	1.7	0.08	1.315837425
0.2	45.75423454	0.142534142	1.7	0.11	1.315837425
0.31	52.35876337	0.204648247	1.7	0.16	1.315837425
0.11	22.29571477	0.039338276	1.7	0.03	1.315837425
0.13	40.56684669	0.107481548	1.7	0.08	1.315837425
1.27	36.96478184	0.426697129	1.7	0.32	1.315837425
0.47	39.59988495	0.160538745	1.7	0.12	1.315837425
0.5	47.74596174	0.227378023	1.7	0.17	1.315837425
0.44	134.5339432	1.145023306	1.7	0.87	1.315837425
0.53	65.29003523	0.395961798	1.7	0.3	1.315837425
0.41	62.15801932	0.309849449	1.7	0.24	1.315837425
0.19	120.6684665	0.690640958	1.7	0.52	1.315837425
0.34	91.22978716	0.529261392	1.7	0.4	1.315837425
0.23	48.6870109	0.16386255	1.7	0.12	1.315837425
0.08	36.76444166	0.087595687	1.8	0.07	1.335503683
0.12	65.40698286	0.235982165	1.8	0.18	1.335503683
0.12	34.46263085	0.082510089	1.8	0.06	1.335503683
0.11	105.0868473	0.507591562	1.8	0.38	1.335503683
0.22	49.69477923	0.169842681	1.8	0.13	1.335503683
0.16	69.08199691	0.270722623	1.8	0.2	1.335503683
0.07	36.72389986	0.086453831	1.8	0.06	1.335503683
0.42	93.3769121	0.621357779	1.8	0.47	1.335503683
0.18	20.62148279	0.038196741	1.8	0.03	1.335503683
0.65	58.23603734	0.393739873	1.8	0.29	1.335503683
0.35	93.17759056	0.56354516	1.8	0.42	1.335503683
0.21	63.79447513	0.252641238	1.8	0.19	1.335503683
0.1	28.33955403	0.058487048	1.8	0.04	1.335503683
0.49	137.7743347	1.294149811	1.8	0.97	1.335503683
0.66	141.179874	1.731376236	1.9	1.28	1.355348381
0.31	123.9851743	0.866643639	1.9	0.64	1.355348381
0.19	75.73685351	0.331398943	1.9	0.24	1.355348381
0.1	81.06604805	0.33268788	1.9	0.25	1.355348381
0.36	137.0377853	1.10741124	2	0.81	1.375590949
0.32	44.87286803	0.168310431	2	0.12	1.375590949
0.41	54.89405574	0.264194622	2	0.19	1.375590949
0.28	71.96827716	0.346648919	2	0.25	1.375590949
0.48	63.59623879	0.370035341	2	0.27	1.375590949
0.14	68.68405011	0.269663972	2	0.2	1.375590949
0.19	72.4924997	0.313044608	2	0.23	1.375590949
0.3	72.13017471	0.357093781	2	0.26	1.375590949
0.33	89.56592386	0.529784093	2	0.39	1.375590949
0.44	60.9577397	0.326786761	2	0.24	1.375590949
0.33	43.17850874	0.162514895	2.1	0.12	1.396236048
0.3	55.14283485	0.233336176	2.1	0.17	1.396236048
0.15	86.32402815	0.402997007	2.1	0.29	1.396236048
0.25	99.82405423	0.578960447	2.1	0.41	1.396236048
0.49	215.7111321	2.82236551	2.1	2.02	1.396236048
0.93	47.09275958	0.428518805	2.1	0.31	1.396236048
0.27	183.6953674	1.614956425	2.1	1.16	1.396236048
0.23	70.10113291	0.316131577	2.1	0.23	1.396236048
0.28	50.6762902	0.197937403	2.1	0.14	1.396236048
0.41	139.0209366	1.230902153	2.1	0.88	1.396236048
0.11	51.95927841	0.167176927	2.1	0.12	1.396236048
0.2	83.70498773	0.407268093	2.1	0.29	1.396236048
0.37	146.1994936	1.285957812	2.2	0.91	1.41744575
0.76	85.08739939	0.907382149	2.2	0.64	1.41744575
0.34	75.15082816	0.414841013	2.2	0.29	1.41744575
0.29	54.80486697	0.231468891	2.2	0.16	1.41744575
0.44	79.08056431	0.516022543	2.2	0.36	1.41744575
0.44	87.67951456	0.620553812	2.3	0.43	1.439125543
1.19	371.5963093	18.52298486	2.3	12.87	1.439125543
0.43	116.0225083	0.969074041	2.3	0.67	1.439125543
0.08	13.84643447	0.019029557	2.3	0.01	1.439125543
0.32	155.8532673	1.356816197	2.3	0.94	1.439125543
0.46	85.66905181	0.613951104	2.3	0.43	1.439125543
0.34	96.02916234	0.629627499	2.3	0.44	1.439125543
0.24	154.4360742	1.205214395	2.3	0.84	1.439125543
0.17	23.35151848	0.049857065	2.3	0.03	1.439125543
0.2	39.58075877	0.122908517	2.3	0.09	1.439125543
0.29	94.56519969	0.57493785	2.3	0.4	1.439125543
0.52	127.1097156	1.273626106	2.3	0.89	1.439125543
0.2	66.7150568	0.289357777	2.3	0.2	1.439125543
0.27	78.61556158	0.420085094	2.4	0.29	1.460906392
0.22	144.1860104	1.065880225	2.4	0.73	1.460906392
0.33	76.96121772	0.438736486	2.4	0.3	1.460906392
0.47	164.1502147	1.835599663	2.4	1.26	1.460906392
0.59	181.0019241	2.544066218	2.4	1.74	1.460906392
0.65	188.7227632	2.962265282	2.4	2.03	1.460906392
0.83	94.01407051	1.213935784	2.4	0.83	1.460906392
0.37	117.0681755	0.934397184	2.5	0.63	1.48280061
0.88	192.6925207	4.283514402	2.5	2.89	1.48280061
0.33	147.1969321	1.289828939	2.5	0.87	1.48280061
0.64	81.54505057	0.748793549	2.5	0.5	1.48280061
0.22	74.55441404	0.366767765	2.5	0.25	1.48280061
0.37	102.9966574	0.757393792	2.5	0.51	1.48280061
0.3	97.14359538	0.627224658	2.5	0.42	1.48280061
0.13	90.58838293	0.452285325	2.5	0.31	1.48280061
0.45	103.6021768	0.852211477	2.5	0.57	1.48280061
0.19	119.3738989	0.764628377	2.5	0.52	1.48280061
0.24	235.5232385	2.481051637	2.5	1.67	1.48280061
0.27	72.59457323	0.37415063	2.5	0.25	1.48280061
0.14	133.2579871	0.861925304	2.5	0.58	1.48280061
0.42	41.11079683	0.179669467	2.5	0.12	1.48280061
0.25	178.9347063	1.624946017	2.6	1.08	1.504788644
0.16	54.92416612	0.209415416	2.6	0.14	1.504788644
0.33	100.1377805	0.695907566	2.6	0.46	1.504788644
0.43	106.6403916	0.882421604	2.6	0.59	1.504788644
0.21	297.9587743	3.565386022	2.6	2.37	1.504788644
0.48	89.99512405	0.71535395	2.6	0.48	1.504788644
0.17	17.79742226	0.033392765	2.6	0.02	1.504788644
0.37	156.1311704	1.520573877	2.6	1.01	1.504788644
0.27	90.83959959	0.556490238	2.7	0.36	1.526881369
0.52	97.62208357	0.876504723	2.7	0.57	1.526881369
0.16	82.75888016	0.416238549	2.7	0.27	1.526881369
0.43	198.3485885	2.477410828	2.7	1.62	1.526881369
0.18	51.77096317	0.19760746	2.7	0.13	1.526881369
0.19	107.1501486	0.659522665	2.7	0.43	1.526881369
0.21	140.172954	1.0503875	2.7	0.69	1.526881369
0.11	153.8990845	1.084931664	2.7	0.71	1.526881369
0.21	115.6123644	0.777095623	2.8	0.5	1.549289294
0.18	49.41534827	0.185764434	2.8	0.12	1.549289294
0.32	143.1061893	1.269932294	2.8	0.82	1.549289294
1.12	135.8632174	3.492020604	2.8	2.25	1.549289294
0.24	180.6806454	1.678360585	2.8	1.08	1.549289294
0.24	169.0481414	1.504829339	2.8	0.97	1.549289294
0.12	42.45473593	0.136716995	2.9	0.09	1.571857192
0.43	134.0689859	1.341653991	2.9	0.85	1.571857192
0.23	142.6848965	1.141597438	2.9	0.73	1.571857192
0.44	96.85742065	0.7979926	2.9	0.51	1.571857192
0.17	26.14294911	0.06553387	2.9	0.04	1.571857192
0.59	67.14182522	0.538254202	2.9	0.34	1.571857192
0.3	145.4679988	1.289237269	2.9	0.82	1.571857192
0.42	254.0609105	3.775852472	2.9	2.4	1.571857192
0.49	86.60399452	0.7113424	2.9	0.45	1.571857192
0.07	45.08456447	0.14449604	3	0.09	1.594509442
0.23	91.67663257	0.56059763	3	0.35	1.594509442
0.15	42.71345896	0.145157762	3	0.09	1.594509442
0.11	145.3194921	1.031260143	3	0.65	1.594509442
0.55	144.4773014	1.814870647	3	1.14	1.594509442
0.53	242.9260349	4.139107335	3	2.6	1.594509442
0.41	114.9254461	1.043444053	3.1	0.65	1.617236235
0.5	110.1006829	1.100016594	3.1	0.68	1.617236235
0.09	107.429968	0.622745923	3.1	0.39	1.617236235
0.15	133.7156688	0.970253743	3.2	0.59	1.640058593
0.83	126.4951411	2.217162411	3.2	1.35	1.640058593
0.27	95.32408459	0.646893231	3.2	0.39	1.640058593
0.13	87.60575955	0.473525917	3.2	0.29	1.640058593
0.17	47.90831566	0.184639436	3.2	0.11	1.640058593
0.54	105.9789199	1.107492206	3.2	0.68	1.640058593
0.82	126.2384316	2.179375461	3.2	1.33	1.640058593
0.29	80.59041355	0.504065448	3.2	0.31	1.640058593
0.24	235.1978006	2.737963017	3.2	1.67	1.640058593
0.14	460.2052608	7.277628802	3.2	4.44	1.640058593
0.27	133.2920965	1.12103581	3.2	0.68	1.640058593
0.49	111.3279791	1.136103952	3.3	0.68	1.662966736
0.63	115.0165741	1.455649662	3.3	0.88	1.662966736
0.43	129.571716	1.342175464	3.3	0.81	1.662966736
0.22	169.7431965	1.585605523	3.3	0.95	1.662966736
0.52	155.1190278	2.040160851	3.3	1.23	1.662966736
0.61	132.627572	1.788188131	3.3	1.08	1.662966736
0.41	114.7608238	1.070430069	3.3	0.64	1.662966736
0.22	55.54932174	0.253868502	3.3	0.15	1.662966736
0.61	122.0496568	1.560320114	3.3	0.94	1.662966736
0.38	69.84073149	0.4552571	3.3	0.27	1.662966736
0.17	76.62762419	0.41004472	3.4	0.24	1.68596289
0.25	154.372085	1.429042377	3.4	0.85	1.68596289
0.3	19.05034861	0.049302613	3.4	0.03	1.68596289
0.5	95.4948778	0.908041067	3.4	0.54	1.68596289
0.27	170.0527499	1.718249079	3.4	1.02	1.68596289
0.19	137.9349334	1.101920055	3.4	0.65	1.68596289
0.48	120.7239047	1.297523784	3.4	0.77	1.68596289
0.34	217.5835074	2.820969967	3.4	1.67	1.68596289
0.34	52.16715332	0.271158469	3.4	0.16	1.68596289
0.12	120.207453	0.808250609	3.4	0.48	1.68596289
0.73	141.4653491	2.414641607	3.5	1.41	1.708597756
0.4	209.4738842	2.910920911	3.5	1.7	1.708597756
0.56	123.966037	1.534035449	3.5	0.9	1.708597756
0.11	161.4766066	1.313619504	3.5	0.77	1.708597756
0.88	106.1073739	1.855246701	3.5	1.09	1.708597756
0.29	221.0035153	2.746485463	3.5	1.61	1.708597756
0.49	103.5055633	1.035818595	3.5	0.61	1.708597756
0.33	176.3861648	1.999571954	3.5	1.17	1.708597756
0.06	145.4221629	1.044981805	3.5	0.61	1.708597756
0.14	670.0153002	14.11208006	3.54	8.22	1.717600444
1.05	183.8450275	5.835875651	3.6	3.37	1.731133374
0.84	140.4401451	2.816865604	3.6	1.63	1.731133374
0.32	201.7928634	2.493126351	3.6	1.44	1.731133374
0.41	117.1698163	1.152926171	3.6	0.67	1.731133374
0.58	165.0547331	2.555637577	3.6	1.48	1.731133374
0.56	321.5324735	7.419222169	3.6	4.29	1.731133374
0.49	54.15676627	0.367510915	3.7	0.21	1.753785031
0.14	102.7228694	0.665273799	3.7	0.38	1.753785031
0.48	91.44511849	0.855866387	3.7	0.49	1.753785031
0.69	95.42071113	1.228838588	3.7	0.7	1.753785031
0.45	166.2767422	2.18977599	3.7	1.25	1.753785031
0.45	262.353929	4.626064003	3.7	2.64	1.753785031
0.4	305.9983018	5.562795664	3.7	3.17	1.753785031
0.24	114.5139555	0.911005978	3.8	0.51	1.776543111
0.2	137.0380898	1.163067244	3.8	0.65	1.776543111
0.09	70.27986883	0.341090948	3.8	0.19	1.776543111
0.21	155.901225	1.45500302	3.8	0.82	1.776543111
0.81	113.3787633	1.977223829	3.9	1.1	1.799406481
0.49	250.3165988	4.642540697	3.9	2.58	1.799406481
0.23	234.9558605	2.961193275	3.9	1.65	1.799406481
0.47	100.1648213	1.005684683	3.9	0.56	1.799406481
0.42	243.2992398	4.026279966	3.9	2.24	1.799406481
0.24	685.1731182	17.34840178	3.9	9.64	1.799406481
0.2	28.80776082	0.091271295	3.9	0.05	1.799406481
0.25	164.2853381	1.689101064	3.9	0.94	1.799406481
0.3	191.7780912	2.32220604	3.9	1.29	1.799406481
0.6	99.80792388	1.19706056	3.9	0.67	1.799406481
0.22	149.1547964	1.387862425	3.9	0.77	1.799406481
0.58	135.6285677	1.94962519	4	1.07	1.822369152
0.41	131.6227994	1.468765754	4	0.81	1.822369152
0.93	67.55206491	1.010671353	4	0.55	1.822369152
0.23	222.098956	2.734592478	4	1.5	1.822369152
0.32	97.30969679	0.803612703	4.1	0.44	1.845450982
0.26	156.8999351	1.627132285	4.1	0.88	1.845450982
0.25	118.6010551	1.01520104	4.1	0.55	1.845450982
0.65	184.5502904	3.60728458	4.1	1.95	1.845450982
0.53	274.738861	5.861835136	4.1	3.18	1.845450982
0.38	168.1752448	2.134946878	4.1	1.16	1.845450982
0.6	155.1204142	2.530205569	4.1	1.37	1.845450982
0.34	238.4361957	3.587870436	4.1	1.94	1.845450982
0.3	96.60196148	0.773500479	4.1	0.42	1.845450982
0.65	99.18270725	1.319260062	4.2	0.71	1.868640314
0.57	132.2698263	1.892073064	4.2	1.01	1.868640314
0.55	231.6401605	4.612832047	4.2	2.47	1.868640314
0.49	173.4915926	2.642687191	4.2	1.41	1.868640314
0.35	160.0510359	1.93866198	4.3	1.02	1.891931277
0.59	218.6119983	4.490309693	4.3	2.37	1.891931277
0.2	324.8583391	5.101441334	4.3	2.7	1.891931277
0.43	181.2966844	2.648949739	4.3	1.4	1.891931277
1.46	203.5177874	12.78073363	4.3	6.76	1.891931277
0.43	285.0042007	5.627227518	4.4	2.94	1.913944845
0.43	432.3982623	11.14777175	4.4	5.82	1.913944845
0.55	152.5199519	2.407946249	4.5	1.24	1.935725913
0.14	296.4383015	4.175476938	4.5	2.16	1.935725913
0.61	257.5220633	6.180017907	4.5	3.19	1.935725913
0.44	604.6175806	19.80615397	4.5	10.23	1.935725913
0.43	270.1224926	5.212096879	4.5	2.69	1.935725913
0.41	130.2480811	1.550799061	4.6	0.79	1.957570456
0.41	81.51467407	0.71904695	4.6	0.37	1.957570456
0.34	145.8490552	1.699664464	4.6	0.87	1.957570456
0.32	129.5427795	1.378096233	4.7	0.7	1.979491477
0.4	169.9683638	2.393838633	4.7	1.21	1.979491477
0.37	277.1401093	5.126130719	4.7	2.59	1.979491477
0.54	104.8464021	1.313356964	4.7	0.66	1.979491477
0.5	170.3883813	2.755531316	4.7	1.39	1.979491477
0.25	33.7638953	0.138726722	4.7	0.07	1.979491477
0.29	134.1244918	1.402780492	4.7	0.71	1.979491477
0.21	304.9683676	4.926612271	4.8	2.46	2.001500033
0.5	312.865729	7.548016894	4.8	3.77	2.001500033
0.41	141.651042	1.839640345	4.9	0.91	2.02357524
0.44	205.7573912	3.53468005	4.9	1.75	2.02357524
0.21	186.0158569	2.214094849	4.9	1.09	2.02357524
0.45	112.2050112	1.340070585	5	0.66	2.045728141
0.62	290.7471094	8.169100382	5.1	3.95	2.067959148
1	114.7528188	3.008363571	5.1	1.45	2.067959148
0.16	212.0917497	2.667008392	5.2	1.28	2.090279402
0.6	235.19168	5.671429685	5.2	2.71	2.090279402
0.28	112.8938636	1.102231502	5.2	0.53	2.090279402
0.22	236.7165469	3.475507679	5.3	1.65	2.112667882
0.35	94.27029813	0.908696484	5.3	0.43	2.112667882
0.64	214.0789306	5.194691168	5.3	2.46	2.112667882
0.49	187.4775279	3.428985259	5.4	1.61	2.135135717
0.47	161.1211281	2.602047196	5.4	1.22	2.135135717
0.47	922.3960776	45.5040124	5.4	21.31	2.135135717
0.44	111.5483016	1.366446291	5.4	0.64	2.135135717
0.11	541.7964298	11.95216947	5.4	5.6	2.135135717
0.92	322.707948	15.18062279	5.4	7.11	2.135135717
0.12	457.986456	9.179823853	5.4	4.3	2.135135717
0.47	263.552656	5.890212298	5.5	2.73	2.156496825
0.41	232.905024	4.431342196	5.5	2.05	2.156496825
0.27	96.3959755	0.866335939	5.5	0.4	2.156496825
1.24	167.4273326	8.012463953	5.5	3.72	2.156496825
0.64	252.6736212	7.025683067	5.6	3.23	2.177223672
0.91	207.4742474	7.399164016	5.6	3.4	2.177223672
0.65	396.2440979	14.90087527	5.6	6.84	2.177223672
0.56	359.4783706	11.2043196	5.6	5.15	2.177223672
0.48	156.1767033	2.555995274	5.6	1.17	2.177223672
0.55	209.4391401	4.556014712	5.6	2.09	2.177223672
0.36	156.5835999	2.202010076	5.7	1	2.198031639
0.59	180.6804187	3.816574217	5.7	1.74	2.198031639
0.21	158.2263915	1.844447477	5.7	0.84	2.198031639
1.13	107.229589	3.405344477	5.7	1.55	2.198031639
0.43	278.4150753	6.27837779	5.8	2.83	2.218923611
0.52	279.091055	7.132729948	5.8	3.21	2.218923611
0.37	80.00257026	0.748931097	5.8	0.34	2.218923611
0.39	67.53807798	0.582747032	5.8	0.26	2.218923611
0.29	709.0782185	24.3606531	5.9	10.88	2.239895281
0.31	117.3196802	1.320457402	6	0.58	2.260960407
0.83	201.6967682	6.569559607	6	2.91	2.260960407
0.51	223.5720966	5.075575301	6.2	2.2	2.303321081
0.72	270.4780893	9.292656768	6.2	4.03	2.303321081
0.99	369.0253045	22.65754846	6.3	9.75	2.324625999
0.29	464.3385419	12.7427945	6.4	5.43	2.346026437
0.43	187.7900261	3.479884474	6.4	1.48	2.346026437
0.44	228.2197106	4.90137161	6.5	2.07	2.367503567
0.31	122.0110206	1.514956875	6.8	0.62	2.432442603
0.35	97.7958696	1.111171403	6.8	0.46	2.432442603
0.3	537.1861703	17.1428076	6.9	6.99	2.452991917
0.54	134.5666073	2.470192966	7	1	2.47259138
0.61	179.782019	4.413527753	7.1	1.77	2.492251258
0.83	466.3975783	28.86117788	7.2	11.49	2.511983035
0.44	286.6905206	7.559662225	7.2	3.01	2.511983035
0.72	234.3726731	8.075388147	7.3	3.19	2.531787104
0.59	342.4557017	12.64387719	7.4	4.96	2.551663863
1.05	171.7328677	7.752463854	7.5	3.01	2.571613715
0.28	750.137688	30.75043108	7.7	11.77	2.611745563
0.2	110.1519478	1.213603475	7.9	0.46	2.652163454
0.69	97.52987759	1.970592993	8.2	0.73	2.713354905
1.01	144.2725055	5.868158639	8.3	2.15	2.733915683
0.4	386.9751454	12.74450337	8.3	4.66	2.733915683
0.51	276.9232731	8.621936639	8.4	3.13	2.754541941
0.19	216.3679685	3.795370197	8.5	1.37	2.775245468
0.52	273.9953334	8.655463318	8.5	3.12	2.775245468
0.27	914.4188169	45.27223373	8.7	16.08	2.814964759
1.39	167.5897735	12.93091195	9	4.5	2.87096488
0.27	823.8819888	40.97895852	9.8	13.56	3.023161824
0.56	225.3204378	7.653383988	10.7	2.39	3.199494991
0.89	1010.03341	144.9046225	11.1	44.32	3.269279958
0.15	204.5752025	4.60552872	14.7	1.19	3.876087764