0.26	28.62189552	0.021967377
0.2	43.39757196	0.036649969
0.31	51.43646106	0.065830938
0.25	33.717939	0.027949437
0.29	40.21919843	0.041670693
0.1	30.73979804	0.015353238
0.34	49.3838491	0.066656427
0.13	34.87308031	0.020746966
0.36	30.54666343	0.03193175
0.12	36.1224517	0.021306576
0.08	22.13872733	0.00840484
0.38	84.61439946	0.178682226
0.22	84.00607999	0.114716246
0.1	19.08901641	0.007028382
0.12	30.48433129	0.016130386
0.19	56.67423241	0.055139493
0.15	60.33910645	0.054215134
0.11	34.9510166	0.019561424
0.2	19.88007178	0.010186752
0.1	42.18534471	0.02580093
0.1	29.7686455	0.014565829
0.25	96.88145619	0.157803148
0.57	90.73002528	0.314670779
0.12	46.46573595	0.032200072
0.15	38.78157183	0.026259355
0.12	43.42738253	0.02881983
0.11	35.14630586	0.019740995
0.41	74.3363964	0.155787748
0.41	113.0994341	0.310054431
0.12	23.29478852	0.010376799
0.14	89.41134875	0.10021826
0.06	61.20325967	0.041723116
0.23	57.88300952	0.064083709
0.15	63.77957818	0.05937673
0.17	68.38376038	0.070708128
0.13	19.11858563	0.007742085
0.11	65.62551095	0.054969981
0.19	49.96925243	0.044852121
0.54	114.3481466	0.429847332
0.17	62.89789937	0.061646685
0.17	85.77816584	0.10253788
0.41	95.57553414	0.235250999
0.12	73.7711878	0.068721611
0.38	82.15564922	0.170246476
0.18	79.58426015	0.093419932
0.23	43.62383051	0.040300539
0.09	82.29624621	0.074767339
0.12	98.0910448	0.109655689
0.11	22.63214932	0.009591282
0.29	63.20472977	0.087455924
0.13	71.70313799	0.067663285
0.09	120.8441583	0.140390838
0.45	94.55170716	0.254906976
0.17	69.13831274	0.071992168
0.26	86.64121855	0.135101793
0.59	66.14976102	0.195908037
0.21	70.90195494	0.084396454
0.1	120.4925732	0.144259757
0.28	81.29822961	0.128606766
0.31	79.4680435	0.134357282
0.1	64.30813756	0.051514141
0.24	52.21202888	0.055669276
0.28	58.57733212	0.075128957
0.29	62.94430034	0.086865723
0.43	56.52330593	0.104429996
0.24	94.07004785	0.146194851
0.18	100.9600225	0.138002847
0.17	56.95448996	0.052385648
0.19	141.793524	0.248100017
0.12	59.74423955	0.048627789
0.12	44.92532663	0.03046805
0.17	119.3226907	0.176186342
0.21	93.52705699	0.132917406
0.25	66.72611493	0.085610328
0.35	51.95940424	0.074362393
0.39	97.13702027	0.22980463
0.4	53.94767646	0.089821306
0.15	63.1107273	0.058358968
0.28	73.6245306	0.109306955
0.32	74.17705263	0.123238612
0.17	126.1680991	0.193065082
0.12	67.92419708	0.060017682
0.19	48.34401931	0.042484687
0.21	68.8127332	0.080356605
0.27	49.52377864	0.055501351
0.14	68.48536913	0.064720716
0.13	59.8638445	0.050329248
0.08	111.9006362	0.119829701
0.17	64.06401377	0.063532165
0.2	71.08183306	0.08232172
0.31	73.4945154	0.118196213
0.11	38.2913163	0.022720132
0.13	68.03288285	0.062076818
1.27	35.58754718	0.246442299
0.47	49.56371974	0.092720421
0.5	58.69688352	0.131323974
0.44	171.6088786	0.66131726
0.53	78.91402406	0.228690866
0.41	80.89407684	0.178955998
0.19	189.4091475	0.398885143
0.34	124.9948388	0.3056791
0.23	73.41750834	0.094640111
0.08	64.95762786	0.049112556
0.12	109.9916573	0.132308883
0.12	57.95408554	0.046261198
0.11	178.8540128	0.284593
0.22	74.9895588	0.095226244
0.16	110.969736	0.151786927
0.07	65.73208053	0.048472349
0.42	119.6112983	0.348378672
0.18	32.41635082	0.02141589
0.65	65.73896306	0.220759406
0.35	125.5350174	0.315964685
0.21	97.22684074	0.141649179
0.1	48.82677504	0.032792122
0.49	168.836902	0.725595154
0.66	157.251468	0.942517819
0.31	170.9230877	0.471779071
0.19	116.7561691	0.180405277
0.1	138.4197383	0.181106942
0.36	179.9497861	0.585235023
0.32	60.80220611	0.088947227
0.41	69.53195867	0.139619267
0.28	100.8715131	0.183193994
0.48	77.00084891	0.195553046
0.14	110.821187	0.142509661
0.19	110.7490015	0.165435081
0.3	99.37102127	0.188713803
0.33	120.3858306	0.279975672
0.44	75.67916388	0.172697414
0.33	57.51158848	0.083363411
0.3	75.28128415	0.119691796
0.15	136.4670786	0.206720776
0.25	142.458759	0.296982735
0.49	257.2734258	1.447756633
0.93	46.92517462	0.219812402
0.27	257.4130622	0.828405771
0.23	101.9544801	0.162162408
0.28	70.38618133	0.101533691
0.41	174.4996318	0.631401833
0.11	86.06701798	0.085754841
0.2	125.4219101	0.208911667
0.37	187.0986584	0.640049893
0.76	88.62435485	0.451624339
0.34	98.39918468	0.206475627
0.29	74.77072529	0.115207231
0.44	96.40064762	0.256835932
0.44	105.898223	0.299627786
1.19	343.2798674	8.943625567
0.43	141.0531009	0.467907059
0.08	23.37498611	0.009188219
0.32	205.4444845	0.655124221
0.46	102.1578251	0.296439739
0.34	124.5779597	0.304008919
0.24	218.406375	0.581924909
0.17	35.45061022	0.024072952
0.2	58.22293502	0.059345066
0.29	127.8274583	0.277602605
0.52	146.2785154	0.614956773
0.2	98.13723984	0.139713315
0.27	107.1644978	0.196830544
0.22	205.9901776	0.499417351
0.33	99.71711145	0.205569639
0.47	192.7596847	0.860068795
0.59	198.9381822	1.192020248
0.65	201.6920008	1.387967094
0.83	93.86106475	0.568788667
0.37	145.7561475	0.42497757
0.88	187.7276468	1.948205295
0.33	188.9980265	0.586633155
0.64	86.74820004	0.340562309
0.22	105.5498208	0.166811369
0.37	128.2363539	0.344473826
0.3	127.8447474	0.285270991
0.13	141.2490926	0.205706012
0.45	122.0801553	0.387598303
0.19	174.213606	0.347764222
0.24	327.064346	1.128418743
0.27	98.06348436	0.170169204
0.14	205.3932171	0.392016294
0.42	49.40634161	0.081716314
0.25	243.9615064	0.717609084
0.16	82.03500905	0.092482091
0.33	127.4261185	0.307326881
0.43	126.1673504	0.389695259
0.21	422.2361111	1.574546704
0.48	103.1599187	0.315914798
0.17	26.29363056	0.014746921
0.37	192.6547088	0.671516232
0.27	120.5370973	0.238696999
0.52	108.3615241	0.375961756
0.16	122.5154149	0.178538428
0.43	232.5919808	1.062643132
0.18	75.00098004	0.08476035
0.19	153.6058736	0.282891002
0.21	196.880993	0.450545808
0.11	241.3919715	0.465362938
0.21	160.9480744	0.323749736
0.18	70.95524282	0.07739226
0.32	180.345024	0.529072913
1.12	121.5742641	1.454828358
0.24	244.2841913	0.699230288
0.24	228.556791	0.626934559
0.12	64.64137056	0.055334543
0.43	154.4565287	0.54301816
0.23	193.0566411	0.4620477
0.44	110.8564568	0.322977814
0.17	37.60977401	0.026524038
0.59	70.57380371	0.217851852
0.3	184.7527269	0.521803128
0.42	294.6587411	1.528230435
0.49	96.09167387	0.287907198
0.07	72.42962149	0.056833154
0.23	122.9635418	0.220494147
0.15	62.27265362	0.057093422
0.11	221.9902752	0.405615033
0.55	153.6545728	0.713824559
0.53	261.1635305	1.627992868
0.41	131.8922117	0.398953465
0.5	119.3580754	0.420583577
0.09	166.7704403	0.238102506
0.15	191.6267927	0.360716991
0.83	117.6885364	0.824287623
0.27	121.0912476	0.240499334
0.13	128.455518	0.17604554
0.17	67.15978831	0.068644499
0.54	111.3862019	0.411738948
0.82	117.8313056	0.810239345
0.29	100.5925973	0.187399402
0.24	307.1423067	1.017908755
0.14	667.0392262	2.705647237
0.27	169.3224365	0.416774134
0.49	119.3523951	0.410819402
0.63	114.6119735	0.526368316
0.43	144.2338294	0.485335625
0.22	224.0836501	0.573360837
0.52	163.4494288	0.737729729
0.61	133.4007525	0.646615459
0.41	129.4828959	0.387071483
0.22	73.3325107	0.091799792
0.61	122.7611711	0.564217539
0.38	80.49001131	0.164622655
0.17	105.6266792	0.144256437
0.25	196.3768571	0.502746534
0.3	23.18293617	0.017344984
0.5	100.9301238	0.319454837
0.27	212.4142356	0.60449136
0.19	186.1417346	0.387662744
0.48	129.1160106	0.456477426
0.34	256.2971186	0.992435842
0.34	61.44900981	0.095395338
0.12	175.3710599	0.284347896
0.73	132.9624764	0.827128559
0.4	234.0961741	0.997127612
0.56	125.7377457	0.525479445
0.11	236.493519	0.449976595
0.88	94.81436527	0.635509438
0.29	269.0543826	0.940800721
0.49	109.1495751	0.35481669
0.33	207.7247409	0.68494764
0.06	226.9618189	0.357955521
0.14	944.1719912	4.78351064
1.05	156.0188762	1.947354289
0.84	126.024602	0.939950685
0.32	237.663517	0.831923191
0.41	129.0018983	0.384716169
0.58	164.3915729	0.852782358
0.56	323.5324573	2.475696018
0.49	56.20805584	0.119486138
0.14	142.9264715	0.216295608
0.48	95.47798331	0.278261584
0.69	89.68276177	0.39952331
0.45	176.872527	0.711945864
0.45	279.0721166	1.504038382
0.4	336.5665338	1.808591101
0.24	142.4282941	0.288648779
0.2	177.2852379	0.368513433
0.09	103.0255942	0.108073369
0.21	199.6572831	0.461012173
0.81	100.3412405	0.610656909
0.49	255.7613566	1.433828336
0.23	292.7456605	0.914551558
0.47	103.5864248	0.310601304
0.42	259.8481765	1.243498911
0.24	845.5744932	5.357977812
0.2	36.97894207	0.028188739
0.25	200.8517706	0.521671457
0.3	224.2951214	0.717203152
0.6	96.13715589	0.369706904
0.22	187.6607648	0.428635224
0.58	130.9186836	0.587054494
0.41	140.4463192	0.442262205
0.93	57.22098371	0.30432473
0.23	274.5950654	0.823417143
0.32	110.2246425	0.235961835
0.26	187.1588456	0.477768854
0.25	142.7823136	0.298089738
0.65	171.0413027	1.059193671
0.53	270.1805237	1.721189038
0.38	181.8958312	0.62687658
0.6	147.131007	0.742934932
0.34	265.7995626	1.053493167
0.3	111.2540384	0.227120094
0.65	91.22531926	0.377814818
0.57	126.3780936	0.541859229
0.55	223.6394279	1.321040749
0.49	173.2311091	0.756823017
0.35	174.3733176	0.541615868
0.59	205.2313602	1.254485313
0.2	404.4463345	1.425220901
0.43	186.5465213	0.740053308
1.46	153.0176821	3.57063181
0.43	291.1957969	1.53615712
0.43	441.7919324	3.043191143
0.55	144.1188672	0.642627136
0.14	388.3659297	1.114341646
0.61	236.1126239	1.649308912
0.44	609.4921931	5.285820648
0.43	274.0930202	1.390992383
0.41	133.045048	0.404688372
0.41	83.26513245	0.187638713
0.34	156.8436223	0.443535505
0.32	140.5944034	0.351699923
0.4	173.644364	0.61092458
0.37	289.3215482	1.30822488
0.54	98.25436601	0.335178003
0.5	163.2966502	0.703231116
0.25	38.94669863	0.035404042
0.29	149.2715856	0.357999521
0.21	363.1761704	1.229807624
0.5	297.829193	1.884176836
0.41	141.796488	0.449256337
0.44	201.8782222	0.863199927
0.21	220.0431169	0.540701417
0.45	108.6590204	0.320207747
0.62	254.8446421	1.910250502
1	88.39550366	0.703471343
0.16	259.2565606	0.610401652
0.6	206.7608398	1.29802743
0.28	122.6015377	0.252269146
0.22	270.0621286	0.778674213
0.35	96.02257065	0.203589974
0.64	183.5218265	1.163850703
0.49	172.580583	0.752167643
0.47	150.1196535	0.570774022
0.47	859.4141632	9.9815669
0.44	105.9219421	0.299737855
0.11	692.6759766	2.621777134
0.92	248.8676937	3.329956941
0.12	578.5380475	2.013647173
0.47	244.0710531	1.266581971
0.41	224.2731703	0.95287875
0.27	103.6276001	0.186289632
1.24	119.8395771	1.722933211
0.64	212.6684572	1.4821169
0.91	158.5480389	1.560905314
0.65	332.0230663	3.143443684
0.56	314.5218555	2.363629454
0.48	142.9178882	0.53920505
0.55	184.2121951	0.961123116
0.36	154.5057682	0.455775969
0.59	154.7990416	0.789961331
0.21	177.9662333	0.381767025
1.13	77.37103866	0.704844267
0.43	259.9395488	1.275154307
0.52	246.6533055	1.448675378
0.37	77.90194751	0.152109788
0.39	64.81497868	0.118357387
0.29	731.8719542	4.855494849
0.31	118.3827485	0.258308371
0.83	154.2903535	1.285139709
0.51	194.2360832	0.956701182
0.72	212.7139599	1.751583847
0.99	265.3357383	4.192824998
0.29	465.9254497	2.315255239
0.43	169.4735006	0.632264827
0.44	203.4788714	0.874452748
0.31	117.7489571	0.256044274
0.35	91.41026201	0.187800115
0.3	520.1070132	2.848982074
0.54	110.1118283	0.40404169
0.61	141.2965408	0.710562386
0.83	334.5921819	4.573836622
0.44	246.5431164	1.198033569
0.72	173.9909046	1.259821568
0.59	267.8895503	1.941928979
1.05	114.4924176	1.172271707
0.28	711.1921889	4.508057817
0.2	111.6120122	0.172534615
0.69	70.24845583	0.267660157
1.01	93.51554839	0.785111996
0.4	324.6898185	1.705111108
0.51	215.7231857	1.136334123
0.19	215.4659654	0.492778032
0.52	211.2714753	1.123796088
0.27	835.5995407	5.713286445
1.39	98.56216739	1.568821002
0.27	720.813084	4.483716317
0.56	155.8980238	0.747636739
0.89	605.8389229	13.55745013
0.15	173.5250349	0.306543627