0.165605  1.80E+02  0.031959
0.11  1.16E+02  0.0283724
0.123 2.72E+02  0.0820078
0.13  1.15E+02  0.0767438
0.12  8.01E+01  0.127975
0.095044  4.09E+01  0.0074145
0.186204  1.22E+03  1.24805
0.11  6.28E+01  0.062033
0.138339  1.10E+02  0.0784829
0.127366  1.05E+02  0.0613731
0.0597079 6.71E+01  0.0480575
0.187526  1.10E+02  0.478658
0.184705  7.79E+01  0.105451
0.123634  8.33E+01  0.0800555
0.176794  8.90E+01  0.159458
0.127135  2.08E+02  0.286992
0.1 9.34E+01  0.0619015
0.141 4.95E+02  2.0153
0.09  8.53E+01  0.166307
0.191486  1.03E+02  0.0501148
0.1375  3.49E+02  7.68993
0.145888  2.99E+02  0.551335
0.192105  3.06E+02  0.594602
0.0712835 3.02E+02  0.0876542
0.1 4.35E+01  0.0156367
0.16237 2.26E+02  0.251902
0.19  2.22E+02  0.393398
0.0637405 3.78E+02  0.593732
0.114118  2.42E+02  0.672953
0.137478  2.12E+02  0.544058
0.0873212 8.41E+01  0.0886856
0.120617  1.12E+02  0.0734375
0.15  6.56E+01  0.0656602
0.17  2.09E+02  0.0204245
0.0673049 1.42E+02  0.0627355
0.16  1.28E+02  0.187546
0.13  5.99E+01  0.00864932
0.195718  1.11E+02  0.098358
0.17  2.47E+02  0.0383731
0.17  8.12E+01  0.0701244
0.175732  2.22E+02  0.118759
0.133155  3.15E+01  0.0210342
0.102256  4.77E+01  0.0276671
0.14  5.72E+01  0.108334
0.19  8.16E+01  0.284686
0.173792  1.04E+02  0.229869
0.0794101 1.20E+02  0.150992
0.111332  5.93E+01  0.0216513
0.12695 6.59E+02  4.04567
0.0929466 4.18E+02  0.183759
0.17  8.73E+01  0.0834811
0.166 3.20E+02  0.224315
0.112 3.56E+02  0.728916
0.190141  3.74E+01  0.0554073
0.182 2.31E+02  0.109665
0.193 1.40E+02  0.206936
0.116867  3.93E+01  0.0168331
0.112134  2.88E+02  0.61314
0.23  6.46E+01  0.0843827
0.25  1.38E+02  0.365662
0.27  2.62E+02  0.344025
0.25  2.62E+01  0.0265957
0.27  2.62E+02  0.59618
0.2799  9.65E+02  10.2131
0.2946  2.50E+02  0.264431
0.21  2.01E+02  2.13511
0.201846  3.62E+02  0.592526
0.224811  1.76E+02  0.652256
0.274443  9.46E+01  0.0625927
0.294362  7.07E+01  0.093008
0.232178  1.46E+02  0.20161
0.26  1.55E+01  0.0213058
0.23  6.52E+02  9.69563
0.254418  2.85E+02  0.745653
0.231 5.66E+01  0.0678957
0.254019  4.29E+01  0.156288
0.214 6.51E+02  0.754554
0.28  1.29E+02  0.218582
0.243 2.17E+02  0.859813
0.239 7.82E+01  0.163402
0.22  3.35E+01  0.113451
0.27  1.82E+02  0.22008
0.241157  3.65E+02  8.5431
0.265 1.98E+02  0.318762
0.235027  1.90E+02  1.4876
0.217194  5.90E+02  1.47673
0.299163  3.37E+02  1.10751
0.224753  1.86E+02  0.221133
0.220604  2.89E+02  0.854336
0.275354  7.63E+01  0.140905
0.27  5.85E+02  0.350392
0.292946  2.96E+02  1.38428
0.2 4.45E+01  0.0103875
0.207892  9.04E+01  0.153195
0.23  1.08E+02  0.111018
0.23609 1.62E+02  0.744127
0.296 1.33E+02  0.143671
0.296043  1.79E+02  0.363643
0.29137 4.50E+02  0.610807
0.203492  4.34E+02  2.43829
0.24  8.32E+01  0.0621879
0.223936  3.76E+02  0.68985
0.286569  1.58E+02  0.345264
0.212461  5.07E+02  2.21518
0.242 2.16E+02  0.959486
0.25  1.96E+02  0.952255
0.240598  2.66E+02  1.47974
0.214 2.31E+02  0.451024
0.27  2.85E+02  0.888905
0.234596  7.41E+01  0.0442932
0.276711  9.02E+01  0.123118
0.23  3.75E+02  1.33774
0.265685  1.44E+02  1.01124
0.2 1.08E+03  0.414554
0.252375  8.40E+01  0.0963243
0.219609  1.16E+02  0.114012
0.29  2.47E+01  0.0387857
0.22  2.91E+02  0.136831
0.290988  7.22E+02  4.68265
0.26828 1.39E+03  11.8339
0.252504  4.73E+02  0.0617167
0.21  1.03E+02  0.0938592
0.28  1.37E+02  0.122965